0   3.59586e+00   -1.18898e-13   2.25861e-15   -2.77556e-17   -2.12417e-15   1.66533e-16   -2.84495e-16
1   -1.18905e-13   2.84988e-01   -6.25267e-06   -2.28245e-12   -3.81662e-09   -6.93889e-18   2.08167e-17
2   2.16493e-15   -6.25267e-06   1.22786e-01   -8.92259e-07   -3.29107e-04   -3.06897e-13   1.73472e-18
3   2.22045e-16   -2.28247e-12   -8.92259e-07   5.90390e-01   -2.96956e-04   -3.69496e-14   -9.19403e-17
4   -2.22045e-15   -3.81662e-09   -3.29107e-04   -2.96956e-04   8.65959e-02   -2.45141e-10   -4.48426e-15
5   2.22045e-16   -1.38778e-17   -3.06873e-13   -3.70259e-14   -2.45141e-10   1.70974e-01   -3.62189e-08
6   -2.22045e-16   6.93889e-17   -2.25514e-17   1.38778e-17   -4.52416e-15   -3.62189e-08   9.81544e-02

0   3.58916e+00   5.48461e-04   1.91485e-05   7.64792e-07   7.64792e-07   4.55772e-11   4.55772e-11
1   3.59582e+00   2.82512e-01   1.21709e-01   8.65954e-02   8.65955e-02   3.06401e-07   3.03351e-07
2   3.59586e+00   2.84531e-01   1.22242e-01   8.65954e-02   8.65955e-02   1.70944e-01   1.50615e-06
3   3.59586e+00   2.84903e-01   1.22514e-01   8.65955e-02   8.65955e-02   1.70974e-01   9.81543e-02
4   3.59586e+00   2.84972e-01   1.22650e-01   8.65995e-02   8.65955e-02   1.70974e-01   9.81544e-02
5   3.59586e+00   2.84985e-01   1.22719e-01   8.67844e-02   8.65955e-02   1.70974e-01   9.81544e-02
6   3.59586e+00   2.84987e-01   1.22753e-01   9.52313e-02   8.65955e-02   1.70974e-01   9.81544e-02
7   3.59586e+00   2.84988e-01   1.22770e-01   3.12156e-01   8.65955e-02   1.70974e-01   9.81544e-02
8   3.59586e+00   2.84988e-01   1.22778e-01   5.77366e-01   8.65955e-02   1.70974e-01   9.81544e-02
9   3.59586e+00   2.84988e-01   1.22782e-01   5.90103e-01   8.65955e-02   1.70974e-01   9.81544e-02
10   3.59586e+00   2.84988e-01   1.22784e-01   5.90384e-01   8.65955e-02   1.70974e-01   9.81544e-02
11   3.59586e+00   2.84988e-01   1.22785e-01   5.90390e-01   8.65955e-02   1.70974e-01   9.81544e-02