-10.00000 -10.00000
 -7.28691 -7.60600
 -5.26295 -5.83476
 -3.75791 -4.54680
 -2.64363 -3.64985
 -1.82557 -3.09642
 -1.25508 -2.88075
 -0.99408 -2.95410
 -0.99962 -3.00129
 -1.00000 -3.00000
 -1.00000 -3.00000
 -1.00000 -3.00000
 -1.00000 -3.00000
 -1.00000 -3.00000
 -1.00000 -3.00000
 -1.00000 -3.00000
 -1.00000 -3.00000
 -1.00000 -3.00000
 -1.00000 -3.00000
 -1.00000 -3.00000
 -1.00000 -3.00000
-10.00000 -10.00000
 -6.13317 -6.38503
 -3.56844 -3.94745
 -1.88075 -2.28378
 -0.79317 -1.12359
 -0.12989 -0.28971
  0.22321 0.32503
  0.35814 0.79941
  0.19258 1.38706
  0.22236 1.01036
 -0.11281 0.97720
 -0.01220 0.99478
 -0.00014 0.99984
  0.00000 1.00000
  0.00000 1.00000
  0.00000 1.00000
  0.00000 1.00000
  0.00000 1.00000
  0.00000 1.00000
  0.00000 1.00000
  0.00000 1.00000
-10.00000 -10.00000
 -3.76735 -4.67542
 -0.66979 -1.93822
  0.83125 -0.41800
  1.39539 0.63910
  0.97237 1.12570
  1.00342 1.00367
  1.00000 0.99999
  1.00000 1.00000
  1.00000 1.00000
  1.00000 1.00000
  1.00000 1.00000
  1.00000 1.00000
  1.00000 1.00000
  1.00000 1.00000
  1.00000 1.00000
  1.00000 1.00000
  1.00000 1.00000
  1.00000 1.00000
  1.00000 1.00000
  1.00000 1.00000
-10.00000 -10.00000
  4.00000 0.00000
  4.00000 0.00000
  4.00000 0.00000
  4.00000 0.00000
  4.00000 0.00000
  4.00000 0.00000
  4.00000 0.00000
  4.00000 0.00000
  4.00000 0.00000
  4.00000 0.00000
  4.00000 0.00000
  4.00000 0.00000
  4.00000 0.00000
  4.00000 0.00000
  4.00000 0.00000
  4.00000 0.00000
  4.00000 0.00000
  4.00000 0.00000
  4.00000 0.00000
  4.00000 0.00000
