  0.00000 0.00000
  0.34899 0.64430
  0.33460 1.20241
  0.19540 0.75530
  0.09784 1.12156
  0.02364 0.97512
 -0.00022 1.00149
  0.00000 1.00000
  0.00000 1.00000
  0.00000 1.00000
  0.00000 1.00000
  0.00000 1.00000
  0.00000 1.00000
  0.00000 1.00000
  0.00000 1.00000
  0.00000 1.00000
  0.00000 1.00000
  0.00000 1.00000
  0.00000 1.00000
  0.00000 1.00000
  0.00000 1.00000
  0.00000 0.00000
  1.40541 0.43243
  0.90104 1.20245
  0.99404 1.01588
  0.99999 1.00010
  1.00000 1.00000
  1.00000 1.00000
  1.00000 1.00000
  1.00000 1.00000
  1.00000 1.00000
  1.00000 1.00000
  1.00000 1.00000
  1.00000 1.00000
  1.00000 1.00000
  1.00000 1.00000
  1.00000 1.00000
  1.00000 1.00000
  1.00000 1.00000
  1.00000 1.00000
  1.00000 1.00000
  1.00000 1.00000
  0.00000 0.00000
  1.33333 -2.66667
 -1.97333 -0.85333
 -0.59892 -2.32376
 -0.98276 -3.13599
 -0.99701 -3.00103
 -1.00000 -3.00000
 -1.00000 -3.00000
 -1.00000 -3.00000
 -1.00000 -3.00000
 -1.00000 -3.00000
 -1.00000 -3.00000
 -1.00000 -3.00000
 -1.00000 -3.00000
 -1.00000 -3.00000
 -1.00000 -3.00000
 -1.00000 -3.00000
 -1.00000 -3.00000
 -1.00000 -3.00000
 -1.00000 -3.00000
 -1.00000 -3.00000
  0.00000 0.00000
  4.00000 0.00000
  4.00000 0.00000
  4.00000 0.00000
  4.00000 0.00000
  4.00000 0.00000
  4.00000 0.00000
  4.00000 0.00000
  4.00000 0.00000
  4.00000 0.00000
  4.00000 0.00000
  4.00000 0.00000
  4.00000 0.00000
  4.00000 0.00000
  4.00000 0.00000
  4.00000 0.00000
  4.00000 0.00000
  4.00000 0.00000
  4.00000 0.00000
  4.00000 0.00000
  4.00000 0.00000
