-5   0.0384615   
-4.98   0.0364575   
-4.96   0.0345439   
-4.94   0.0327198   
-4.92   0.0309842   
-4.9   0.0293363   
-4.88   0.0277749   
-4.86   0.0262993   
-4.84   0.0249083   
-4.82   0.0236011   
-4.8   0.0223768   
-4.78   0.0212343   
-4.76   0.0201728   
-4.74   0.0191913   
-4.72   0.0182889   
-4.7   0.0174646   
-4.68   0.0167176   
-4.66   0.0160469   
-4.64   0.0154516   
-4.62   0.0149308   
-4.6   0.0144835   
-4.58   0.014109   
-4.56   0.0138062   
-4.54   0.0135743   
-4.52   0.0134124   
-4.5   0.0133196   
-4.48   0.013295   
-4.46   0.0133377   
-4.44   0.0134468   
-4.42   0.0136215   
-4.4   0.013861   
-4.38   0.0141642   
-4.36   0.0145304   
-4.34   0.0149587   
-4.32   0.0154483   
-4.3   0.0159982   
-4.28   0.0166077   
-4.26   0.0172758   
-4.24   0.0180018   
-4.22   0.0187848   
-4.2   0.019624   
-4.18   0.0205185   
-4.16   0.0214675   
-4.14   0.0224702   
-4.12   0.0235258   
-4.1   0.0246334   
-4.08   0.0257922   
-4.06   0.0270015   
-4.04   0.0282603   
-4.02   0.029568   
-4   0.0309236   
-3.98   0.0323265   
-3.96   0.0337758   
-3.94   0.0352707   
-3.92   0.0368104   
-3.9   0.0383943   
-3.88   0.0400214   
-3.86   0.041691   
-3.84   0.0434023   
-3.82   0.0451546   
-3.8   0.0469471   
-3.78   0.0487791   
-3.76   0.0506497   
-3.74   0.0525583   
-3.72   0.0545041   
-3.7   0.0564864   
-3.68   0.0585043   
-3.66   0.0605572   
-3.64   0.0626443   
-3.62   0.064765   
-3.6   0.0669184   
-3.58   0.0691039   
-3.56   0.0713207   
-3.54   0.0735681   
-3.52   0.0758454   
-3.5   0.078152   
-3.48   0.080487   
-3.46   0.0828499   
-3.44   0.0852398   
-3.42   0.0876561   
-3.4   0.0900982   
-3.38   0.0925653   
-3.36   0.0950568   
-3.34   0.0975719   
-3.32   0.10011   
-3.3   0.10267   
-3.28   0.105253   
-3.26   0.107856   
-3.24   0.110479   
-3.22   0.113122   
-3.2   0.115785   
-3.18   0.118465   
-3.16   0.121163   
-3.14   0.123879   
-3.12   0.126611   
-3.1   0.129358   
-3.08   0.132121   
-3.06   0.134899   
-3.04   0.13769   
-3.02   0.140495   
-3   0.143313   
-2.98   0.146142   
-2.96   0.148984   
-2.94   0.151836   
-2.92   0.154698   
-2.9   0.15757   
-2.88   0.160452   
-2.86   0.163341   
-2.84   0.166239   
-2.82   0.169144   
-2.8   0.172056   
-2.78   0.174974   
-2.76   0.177898   
-2.74   0.180827   
-2.72   0.183761   
-2.7   0.186698   
-2.68   0.189639   
-2.66   0.192583   
-2.64   0.195529   
-2.62   0.198477   
-2.6   0.201426   
-2.58   0.204376   
-2.56   0.207326   
-2.54   0.210276   
-2.52   0.213225   
-2.5   0.216172   
-2.48   0.219118   
-2.46   0.222061   
-2.44   0.225001   
-2.42   0.227938   
-2.4   0.230871   
-2.38   0.2338   
-2.36   0.236724   
-2.34   0.239642   
-2.32   0.242555   
-2.3   0.245461   
-2.28   0.248361   
-2.26   0.251253   
-2.24   0.254137   
-2.22   0.257014   
-2.2   0.259881   
-2.18   0.26274   
-2.16   0.265588   
-2.14   0.268427   
-2.12   0.271256   
-2.1   0.274073   
-2.08   0.276879   
-2.06   0.279674   
-2.04   0.282456   
-2.02   0.285225   
-2   0.287982   
-1.98   0.290725   
-1.96   0.293454   
-1.94   0.296169   
-1.92   0.298869   
-1.9   0.301554   
-1.88   0.304224   
-1.86   0.306878   
-1.84   0.309515   
-1.82   0.312136   
-1.8   0.31474   
-1.78   0.317326   
-1.76   0.319895   
-1.74   0.322445   
-1.72   0.324977   
-1.7   0.327491   
-1.68   0.329985   
-1.66   0.332459   
-1.64   0.334913   
-1.62   0.337347   
-1.6   0.339761   
-1.58   0.342153   
-1.56   0.344525   
-1.54   0.346874   
-1.52   0.349202   
-1.5   0.351508   
-1.48   0.353791   
-1.46   0.356051   
-1.44   0.358288   
-1.42   0.360501   
-1.4   0.36269   
-1.38   0.364856   
-1.36   0.366997   
-1.34   0.369113   
-1.32   0.371205   
-1.3   0.373271   
-1.28   0.375312   
-1.26   0.377327   
-1.24   0.379315   
-1.22   0.381278   
-1.2   0.383214   
-1.18   0.385123   
-1.16   0.387005   
-1.14   0.38886   
-1.12   0.390687   
-1.1   0.392486   
-1.08   0.394257   
-1.06   0.396   
-1.04   0.397715   
-1.02   0.3994   
-1   0.401057   
-0.98   0.402685   
-0.96   0.404283   
-0.94   0.405852   
-0.92   0.40739   
-0.9   0.408899   
-0.88   0.410378   
-0.86   0.411826   
-0.84   0.413244   
-0.82   0.414631   
-0.8   0.415987   
-0.78   0.417312   
-0.76   0.418605   
-0.74   0.419868   
-0.72   0.421098   
-0.7   0.422297   
-0.68   0.423464   
-0.66   0.424599   
-0.64   0.425702   
-0.62   0.426772   
-0.6   0.42781   
-0.58   0.428815   
-0.56   0.429788   
-0.54   0.430728   
-0.52   0.431634   
-0.5   0.432508   
-0.48   0.433348   
-0.46   0.434155   
-0.44   0.434929   
-0.42   0.435669   
-0.4   0.436375   
-0.38   0.437048   
-0.36   0.437687   
-0.34   0.438292   
-0.32   0.438863   
-0.3   0.4394   
-0.28   0.439903   
-0.26   0.440372   
-0.24   0.440807   
-0.22   0.441207   
-0.2   0.441573   
-0.18   0.441904   
-0.16   0.442202   
-0.14   0.442464   
-0.12   0.442692   
-0.1   0.442886   
-0.08   0.443045   
-0.06   0.443169   
-0.04   0.443259   
-0.02   0.443314   
-1.80342e-14   0.443334   
0.02   0.44332   
0.04   0.443271   
0.06   0.443188   
0.08   0.44307   
0.1   0.442917   
0.12   0.442729   
0.14   0.442507   
0.16   0.442251   
0.18   0.441959   
0.2   0.441634   
0.22   0.441273   
0.24   0.440879   
0.26   0.44045   
0.28   0.439986   
0.3   0.439488   
0.32   0.438956   
0.34   0.43839   
0.36   0.43779   
0.38   0.437155   
0.4   0.436487   
0.42   0.435785   
0.44   0.435048   
0.46   0.434279   
0.48   0.433475   
0.5   0.432638   
0.52   0.431767   
0.54   0.430864   
0.56   0.429926   
0.58   0.428956   
0.6   0.427953   
0.62   0.426917   
0.64   0.425848   
0.66   0.424746   
0.68   0.423612   
0.7   0.422446   
0.72   0.421247   
0.74   0.420016   
0.76   0.418754   
0.78   0.417459   
0.8   0.416133   
0.82   0.414776   
0.84   0.413387   
0.86   0.411967   
0.88   0.410516   
0.9   0.409035   
0.92   0.407523   
0.94   0.40598   
0.96   0.404408   
0.98   0.402805   
1   0.401173   
1.02   0.399511   
1.04   0.39782   
1.06   0.396099   
1.08   0.39435   
1.1   0.392572   
1.12   0.390766   
1.14   0.388931   
1.16   0.387069   
1.18   0.385178   
1.2   0.38326   
1.22   0.381315   
1.24   0.379343   
1.26   0.377344   
1.28   0.375319   
1.3   0.373268   
1.32   0.37119   
1.34   0.369087   
1.36   0.366959   
1.38   0.364806   
1.4   0.362628   
1.42   0.360425   
1.44   0.358198   
1.46   0.355947   
1.48   0.353673   
1.5   0.351376   
1.52   0.349055   
1.54   0.346712   
1.56   0.344347   
1.58   0.34196   
1.6   0.339551   
1.62   0.337121   
1.64   0.33467   
1.66   0.332198   
1.68   0.329706   
1.7   0.327194   
1.72   0.324663   
1.74   0.322113   
1.76   0.319544   
1.78   0.316956   
1.8   0.314351   
1.82   0.311727   
1.84   0.309087   
1.86   0.30643   
1.88   0.303756   
1.9   0.301067   
1.92   0.298361   
1.94   0.295641   
1.96   0.292905   
1.98   0.290156   
2   0.287392   
2.02   0.284615   
2.04   0.281825   
2.06   0.279022   
2.08   0.276207   
2.1   0.27338   
2.12   0.270542   
2.14   0.267693   
2.16   0.264833   
2.18   0.261964   
2.2   0.259085   
2.22   0.256198   
2.24   0.253301   
2.26   0.250397   
2.28   0.247485   
2.3   0.244567   
2.32   0.241642   
2.34   0.23871   
2.36   0.235773   
2.38   0.232832   
2.4   0.229885   
2.42   0.226935   
2.44   0.223982   
2.46   0.221025   
2.48   0.218066   
2.5   0.215105   
2.52   0.212143   
2.54   0.209181   
2.56   0.206218   
2.58   0.203255   
2.6   0.200294   
2.62   0.197333   
2.64   0.194375   
2.66   0.19142   
2.68   0.188468   
2.7   0.185519   
2.72   0.182576   
2.74   0.179637   
2.76   0.176703   
2.78   0.173776   
2.8   0.170856   
2.82   0.167943   
2.84   0.165038   
2.86   0.162142   
2.88   0.159255   
2.9   0.156378   
2.92   0.153512   
2.94   0.150657   
2.96   0.147814   
2.98   0.144983   
3   0.142165   
3.02   0.139361   
3.04   0.136572   
3.06   0.133798   
3.08   0.13104   
3.1   0.128298   
3.12   0.125573   
3.14   0.122866   
3.16   0.120178   
3.18   0.117509   
3.2   0.11486   
3.22   0.112232   
3.24   0.109625   
3.26   0.10704   
3.28   0.104478   
3.3   0.10194   
3.32   0.0994258   
3.34   0.0969367   
3.36   0.0944733   
3.38   0.0920364   
3.4   0.0896268   
3.42   0.0872452   
3.44   0.0848923   
3.46   0.082569   
3.48   0.0802759   
3.5   0.0780139   
3.52   0.0757838   
3.54   0.0735862   
3.56   0.0714221   
3.58   0.0692922   
3.6   0.0671972   
3.62   0.0651381   
3.64   0.0631156   
3.66   0.0611304   
3.68   0.0591836   
3.7   0.0572757   
3.72   0.0554077   
3.74   0.0535805   
3.76   0.0517947   
3.78   0.0500514   
3.8   0.0483512   
3.82   0.0466952   
3.84   0.045084   
3.86   0.0435187   
3.88   0.0419999   
3.9   0.0405287   
3.92   0.0391059   
3.94   0.0377323   
3.96   0.0364089   
3.98   0.0351365   
4   0.033916   
4.02   0.0327484   
4.04   0.0316344   
4.06   0.0305751   
4.08   0.0295713   
4.1   0.028624   
4.12   0.0277341   
4.14   0.0269024   
4.16   0.02613   
4.18   0.0254177   
4.2   0.0247665   
4.22   0.0241774   
4.24   0.0236513   
4.26   0.0231891   
4.28   0.0227919   
4.3   0.0224605   
4.32   0.022196   
4.34   0.0219992   
4.36   0.0218713   
4.38   0.0218132   
4.4   0.0218258   
4.42   0.0219102   
4.44   0.0220673   
4.46   0.0222982   
4.48   0.0226039   
4.5   0.0229854   
4.52   0.0234436   
4.54   0.0239797   
4.56   0.0245946   
4.58   0.0252895   
4.6   0.0260652   
4.62   0.0269229   
4.64   0.0278636   
4.66   0.0288883   
4.68   0.0299982   
4.7   0.0311943   
4.72   0.0324776   
4.74   0.0338492   
4.76   0.0353102   
4.78   0.0368617   
4.8   0.0385047   
4.82   0.0402404   
4.84   0.0420698   
4.86   0.0439941   
4.88   0.0460144   
4.9   0.0481317   
4.92   0.0503471   
4.94   0.0526619   
4.96   0.0550771   
4.98   0.0575939   
5   0.0602133   


-5   0.0384615   
-4.98   0.0543611   
-4.96   0.0675469   
-4.94   0.0782651   
-4.92   0.0867475   
-4.9   0.093212   
-4.88   0.0978632   
-4.86   0.100893   
-4.84   0.102482   
-4.82   0.102797   
-4.8   0.101995   
-4.78   0.100224   
-4.76   0.0976184   
-4.74   0.0943055   
-4.72   0.0904021   
-4.7   0.0860166   
-4.68   0.081249   
-4.66   0.0761911   
-4.64   0.0709271   
-4.62   0.0655342   
-4.6   0.0600824   
-4.58   0.0546353   
-4.56   0.0492505   
-4.54   0.0439795   
-4.52   0.0388684   
-4.5   0.033958   
-4.48   0.0292844   
-4.46   0.0248788   
-4.44   0.0207681   
-4.42   0.0169753   
-4.4   0.0135192   
-4.38   0.0104153   
-4.36   0.00767578   
-4.34   0.00530943   
-4.32   0.00332231   
-4.3   0.00171774   
-4.28   0.000496543   
-4.26   -0.000342762   
-4.24   -0.000803787   
-4.22   -0.000892084   
-4.2   -0.000614983   
-4.18   1.85744e-05   
-4.16   0.000998184   
-4.14   0.00231213   
-4.12   0.00394753   
-4.1   0.00589046   
-4.08   0.00812607   
-4.06   0.0106388   
-4.04   0.0134122   
-4.02   0.0164296   
-4   0.0196736   
-3.98   0.0231264   
-3.96   0.0267702   
-3.94   0.0305868   
-3.92   0.034558   
-3.9   0.0386655   
-3.88   0.0428911   
-3.86   0.0472166   
-3.84   0.0516242   
-3.82   0.0560962   
-3.8   0.0606152   
-3.78   0.0651642   
-3.76   0.0697264   
-3.74   0.0742858   
-3.72   0.0788265   
-3.7   0.0833334   
-3.68   0.0877918   
-3.66   0.0921875   
-3.64   0.096507   
-3.62   0.100738   
-3.6   0.104867   
-3.58   0.108883   
-3.56   0.112776   
-3.54   0.116535   
-3.52   0.120151   
-3.5   0.123615   
-3.48   0.126918   
-3.46   0.130054   
-3.44   0.133016   
-3.42   0.135797   
-3.4   0.138394   
-3.38   0.140801   
-3.36   0.143015   
-3.34   0.145033   
-3.32   0.146852   
-3.3   0.148471   
-3.28   0.149889   
-3.26   0.151105   
-3.24   0.15212   
-3.22   0.152936   
-3.2   0.153553   
-3.18   0.153974   
-3.16   0.154202   
-3.14   0.15424   
-3.12   0.154092   
-3.1   0.153764   
-3.08   0.153259   
-3.06   0.152583   
-3.04   0.151743   
-3.02   0.150745   
-3   0.149596   
-2.98   0.148303   
-2.96   0.146874   
-2.94   0.145317   
-2.92   0.14364   
-2.9   0.141853   
-2.88   0.139964   
-2.86   0.137982   
-2.84   0.135918   
-2.82   0.133781   
-2.8   0.13158   
-2.78   0.129327   
-2.76   0.127032   
-2.74   0.124705   
-2.72   0.122357   
-2.7   0.119998   
-2.68   0.117639   
-2.66   0.115292   
-2.64   0.112967   
-2.62   0.110674   
-2.6   0.108426   
-2.58   0.106232   
-2.56   0.104103   
-2.54   0.102051   
-2.52   0.100086   
-2.5   0.0982175   
-2.48   0.0964571   
-2.46   0.0948146   
-2.44   0.0933001   
-2.42   0.0919236   
-2.4   0.0906947   
-2.38   0.089623   
-2.36   0.0887177   
-2.34   0.0879878   
-2.32   0.087442   
-2.3   0.087089   
-2.28   0.086937   
-2.26   0.0869937   
-2.24   0.087267   
-2.22   0.087764   
-2.2   0.0884917   
-2.18   0.0894569   
-2.16   0.0906657   
-2.14   0.0921241   
-2.12   0.0938378   
-2.1   0.0958118   
-2.08   0.0980511   
-2.06   0.10056   
-2.04   0.103343   
-2.02   0.106403   
-2   0.109743   
-1.98   0.113368   
-1.96   0.117278   
-1.94   0.121476   
-1.92   0.125964   
-1.9   0.130742   
-1.88   0.135812   
-1.86   0.141175   
-1.84   0.146829   
-1.82   0.152775   
-1.8   0.159012   
-1.78   0.165538   
-1.76   0.172352   
-1.74   0.179451   
-1.72   0.186834   
-1.7   0.194498   
-1.68   0.202438   
-1.66   0.210652   
-1.64   0.219136   
-1.62   0.227884   
-1.6   0.236893   
-1.58   0.246157   
-1.56   0.25567   
-1.54   0.265427   
-1.52   0.275422   
-1.5   0.285647   
-1.48   0.296097   
-1.46   0.306764   
-1.44   0.31764   
-1.42   0.328718   
-1.4   0.339989   
-1.38   0.351445   
-1.36   0.363078   
-1.34   0.374879   
-1.32   0.386838   
-1.3   0.398946   
-1.28   0.411193   
-1.26   0.423571   
-1.24   0.436068   
-1.22   0.448674   
-1.2   0.461379   
-1.18   0.474173   
-1.16   0.487044   
-1.14   0.499983   
-1.12   0.512977   
-1.1   0.526016   
-1.08   0.539089   
-1.06   0.552184   
-1.04   0.565289   
-1.02   0.578394   
-1   0.591487   
-0.98   0.604557   
-0.96   0.617591   
-0.94   0.630579   
-0.92   0.643508   
-0.9   0.656367   
-0.88   0.669145   
-0.86   0.681829   
-0.84   0.69441   
-0.82   0.706874   
-0.8   0.719212   
-0.78   0.731411   
-0.76   0.743461   
-0.74   0.75535   
-0.72   0.767067   
-0.7   0.778603   
-0.68   0.789946   
-0.66   0.801085   
-0.64   0.812011   
-0.62   0.822714   
-0.6   0.833183   
-0.58   0.843409   
-0.56   0.853382   
-0.54   0.863093   
-0.52   0.872533   
-0.5   0.881694   
-0.48   0.890566   
-0.46   0.899142   
-0.44   0.907413   
-0.42   0.915371   
-0.4   0.92301   
-0.38   0.930322   
-0.36   0.9373   
-0.34   0.943938   
-0.32   0.95023   
-0.3   0.956169   
-0.28   0.96175   
-0.26   0.966967   
-0.24   0.971817   
-0.22   0.976294   
-0.2   0.980394   
-0.18   0.984114   
-0.16   0.987449   
-0.14   0.990397   
-0.12   0.992954   
-0.1   0.99512   
-0.08   0.99689   
-0.06   0.998265   
-0.04   0.999242   
-0.02   0.99982   
-1.80342e-14   1   
0.02   0.999781   
0.04   0.999162   
0.06   0.998146   
0.08   0.996732   
0.1   0.994923   
0.12   0.992719   
0.14   0.990123   
0.16   0.987138   
0.18   0.983766   
0.2   0.98001   
0.22   0.975874   
0.24   0.971362   
0.26   0.966478   
0.28   0.961227   
0.3   0.955614   
0.32   0.949644   
0.34   0.943322   
0.36   0.936656   
0.38   0.929649   
0.4   0.922311   
0.42   0.914647   
0.44   0.906664   
0.46   0.898371   
0.48   0.889774   
0.5   0.880882   
0.52   0.871704   
0.54   0.862247   
0.56   0.852521   
0.58   0.842534   
0.6   0.832297   
0.62   0.821818   
0.64   0.811107   
0.66   0.800174   
0.68   0.78903   
0.7   0.777684   
0.72   0.766147   
0.74   0.75443   
0.76   0.742544   
0.78   0.730498   
0.8   0.718305   
0.82   0.705975   
0.84   0.69352   
0.86   0.680951   
0.88   0.668279   
0.9   0.655517   
0.92   0.642674   
0.94   0.629763   
0.96   0.616795   
0.98   0.603783   
1   0.590737   
1.02   0.577668   
1.04   0.56459   
1.06   0.551512   
1.08   0.538446   
1.1   0.525405   
1.12   0.512398   
1.14   0.499437   
1.16   0.486533   
1.18   0.473698   
1.2   0.460941   
1.22   0.448274   
1.24   0.435707   
1.26   0.42325   
1.28   0.410914   
1.3   0.398708   
1.32   0.386642   
1.34   0.374727   
1.36   0.36297   
1.38   0.351381   
1.4   0.339969   
1.42   0.328743   
1.44   0.317711   
1.46   0.30688   
1.48   0.296259   
1.5   0.285854   
1.52   0.275674   
1.54   0.265724   
1.56   0.256012   
1.58   0.246542   
1.6   0.237322   
1.62   0.228357   
1.64   0.219651   
1.66   0.211209   
1.68   0.203036   
1.7   0.195135   
1.72   0.187511   
1.74   0.180165   
1.76   0.173102   
1.78   0.166323   
1.8   0.159831   
1.82   0.153626   
1.84   0.147711   
1.86   0.142085   
1.88   0.13675   
1.9   0.131705   
1.92   0.126949   
1.94   0.122483   
1.96   0.118304   
1.98   0.114411   
2   0.110801   
2.02   0.107473   
2.04   0.104423   
2.06   0.101648   
2.08   0.0991448   
2.1   0.0969084   
2.12   0.0949348   
2.14   0.0932189   
2.16   0.0917557   
2.18   0.0905394   
2.2   0.0895642   
2.22   0.0888237   
2.24   0.0883113   
2.26   0.0880199   
2.28   0.0879424   
2.3   0.088071   
2.32   0.0883978   
2.34   0.0889147   
2.36   0.0896131   
2.38   0.0904844   
2.4   0.0915195   
2.42   0.0927091   
2.44   0.094044   
2.46   0.0955143   
2.48   0.0971104   
2.5   0.098822   
2.52   0.100639   
2.54   0.102552   
2.56   0.104549   
2.58   0.10662   
2.6   0.108755   
2.62   0.110943   
2.64   0.113173   
2.66   0.115434   
2.68   0.117716   
2.7   0.120008   
2.72   0.1223   
2.74   0.12458   
2.76   0.126838   
2.78   0.129063   
2.8   0.131246   
2.82   0.133376   
2.84   0.135443   
2.86   0.137437   
2.88   0.139348   
2.9   0.141168   
2.92   0.142887   
2.94   0.144496   
2.96   0.145986   
2.98   0.14735   
3   0.148579   
3.02   0.149667   
3.04   0.150605   
3.06   0.151388   
3.08   0.152009   
3.1   0.152462   
3.12   0.152741   
3.14   0.152843   
3.16   0.152763   
3.18   0.152496   
3.2   0.152041   
3.22   0.151393   
3.24   0.150552   
3.26   0.149515   
3.28   0.148283   
3.3   0.146854   
3.32   0.145229   
3.34   0.14341   
3.36   0.141397   
3.38   0.139195   
3.4   0.136805   
3.42   0.134232   
3.44   0.13148   
3.46   0.128555   
3.48   0.125462   
3.5   0.122208   
3.52   0.118802   
3.54   0.11525   
3.56   0.111561   
3.58   0.107746   
3.6   0.103814   
3.62   0.0997763   
3.64   0.0956443   
3.66   0.09143   
3.68   0.0871463   
3.7   0.0828065   
3.72   0.0784247   
3.74   0.0740151   
3.76   0.0695928   
3.78   0.0651733   
3.8   0.0607723   
3.82   0.0564062   
3.84   0.0520916   
3.86   0.0478454   
3.88   0.0436847   
3.9   0.0396269   
3.92   0.0356893   
3.94   0.0318896   
3.96   0.0282451   
3.98   0.0247734   
4   0.0214916   
4.02   0.0184167   
4.04   0.0155654   
4.06   0.0129538   
4.08   0.0105976   
4.1   0.0085117   
4.12   0.00671043   
4.14   0.00520711   
4.16   0.00401409   
4.18   0.00314256   
4.2   0.00260245   
4.22   0.00240227   
4.24   0.00254896   
4.26   0.00304772   
4.28   0.00390187   
4.3   0.00511263   
4.32   0.00667901   
4.34   0.00859753   
4.36   0.0108621   
4.38   0.0134638   
4.4   0.0163906   
4.42   0.0196273   
4.44   0.023155   
4.46   0.0269512   
4.48   0.0309893   
4.5   0.0352385   
4.52   0.0396635   
4.54   0.0442239   
4.56   0.0488745   
4.58   0.0535647   
4.6   0.0582378   
4.62   0.0628314   
4.64   0.0672765   
4.66   0.0714975   
4.68   0.0754116   
4.7   0.0789286   
4.72   0.0819504   
4.74   0.0843704   
4.76   0.0860738   
4.78   0.0869362   
4.8   0.086824   
4.82   0.0855935   
4.84   0.0830904   
4.86   0.0791497   
4.88   0.0735946   
4.9   0.0662367   
4.92   0.0568747   
4.94   0.0452947   
4.96   0.0312689   
4.98   0.0145553   
5   -0.00510289   


-5   0.0384615   
-4.98   0.0409322   
-4.96   0.0426063   
-4.94   0.04364   
-4.92   0.0441693   
-4.9   0.0443118   
-4.88   0.0441684   
-4.86   0.043825   
-4.84   0.0433544   
-4.82   0.042817   
-4.8   0.0422627   
-4.78   0.0417317   
-4.76   0.041256   
-4.74   0.0408601   
-4.72   0.040562   
-4.7   0.0403741   
-4.68   0.0403041   
-4.66   0.0403553   
-4.64   0.0405277   
-4.62   0.0408184   
-4.6   0.041222   
-4.58   0.0417313   
-4.56   0.0423374   
-4.54   0.0430305   
-4.52   0.0438   
-4.5   0.0446347   
-4.48   0.0455231   
-4.46   0.0464538   
-4.44   0.0474157   
-4.42   0.0483978   
-4.4   0.0493896   
-4.38   0.0503814   
-4.36   0.0513639   
-4.34   0.0523289   
-4.32   0.0532688   
-4.3   0.0541768   
-4.28   0.0550471   
-4.26   0.0558747   
-4.24   0.0566557   
-4.22   0.0573868   
-4.2   0.0580657   
-4.18   0.0586909   
-4.16   0.0592619   
-4.14   0.0597785   
-4.12   0.0602417   
-4.1   0.0606529   
-4.08   0.0610143   
-4.06   0.0613285   
-4.04   0.0615987   
-4.02   0.0618285   
-4   0.062022   
-3.98   0.0621836   
-3.96   0.062318   
-3.94   0.0624301   
-3.92   0.0625251   
-3.9   0.0626081   
-3.88   0.0626846   
-3.86   0.0627598   
-3.84   0.0628392   
-3.82   0.0629281   
-3.8   0.0630316   
-3.78   0.0631548   
-3.76   0.0633027   
-3.74   0.0634799   
-3.72   0.0636909   
-3.7   0.06394   
-3.68   0.064231   
-3.66   0.0645677   
-3.64   0.0649532   
-3.62   0.0653907   
-3.6   0.0658827   
-3.58   0.0664316   
-3.56   0.0670392   
-3.54   0.0677071   
-3.52   0.0684364   
-3.5   0.0692281   
-3.48   0.0700826   
-3.46   0.0709998   
-3.44   0.0719797   
-3.42   0.0730216   
-3.4   0.0741246   
-3.38   0.0752874   
-3.36   0.0765086   
-3.34   0.0777861   
-3.32   0.0791181   
-3.3   0.080502   
-3.28   0.0819353   
-3.26   0.0834153   
-3.24   0.0849389   
-3.22   0.086503   
-3.2   0.0881043   
-3.18   0.0897393   
-3.16   0.0914045   
-3.14   0.0930963   
-3.12   0.0948111   
-3.1   0.0965452   
-3.08   0.0982948   
-3.06   0.100056   
-3.04   0.101826   
-3.02   0.103601   
-3   0.105376   
-2.98   0.10715   
-2.96   0.108917   
-2.94   0.110677   
-2.92   0.112424   
-2.9   0.114157   
-2.88   0.115874   
-2.86   0.11757   
-2.84   0.119246   
-2.82   0.120898   
-2.8   0.122524   
-2.78   0.124125   
-2.76   0.125697   
-2.74   0.127242   
-2.72   0.128757   
-2.7   0.130243   
-2.68   0.131701   
-2.66   0.133129   
-2.64   0.13453   
-2.62   0.135903   
-2.6   0.137251   
-2.58   0.138575   
-2.56   0.139878   
-2.54   0.141161   
-2.52   0.142426   
-2.5   0.143678   
-2.48   0.144919   
-2.46   0.146153   
-2.44   0.147383   
-2.42   0.148614   
-2.4   0.14985   
-2.38   0.151095   
-2.36   0.152355   
-2.34   0.153634   
-2.32   0.154939   
-2.3   0.156273   
-2.28   0.157644   
-2.26   0.159056   
-2.24   0.160517   
-2.22   0.162031   
-2.2   0.163606   
-2.18   0.165247   
-2.16   0.166962   
-2.14   0.168756   
-2.12   0.170637   
-2.1   0.17261   
-2.08   0.174683   
-2.06   0.176862   
-2.04   0.179154   
-2.02   0.181565   
-2   0.184102   
-1.98   0.18677   
-1.96   0.189577   
-1.94   0.192528   
-1.92   0.195629   
-1.9   0.198887   
-1.88   0.202306   
-1.86   0.205892   
-1.84   0.209651   
-1.82   0.213587   
-1.8   0.217704   
-1.78   0.222009   
-1.76   0.226504   
-1.74   0.231193   
-1.72   0.23608   
-1.7   0.241168   
-1.68   0.24646   
-1.66   0.251958   
-1.64   0.257665   
-1.62   0.263582   
-1.6   0.269711   
-1.58   0.276052   
-1.56   0.282606   
-1.54   0.289374   
-1.52   0.296354   
-1.5   0.303547   
-1.48   0.31095   
-1.46   0.318564   
-1.44   0.326384   
-1.42   0.33441   
-1.4   0.342638   
-1.38   0.351065   
-1.36   0.359687   
-1.34   0.368499   
-1.32   0.377498   
-1.3   0.386678   
-1.28   0.396034   
-1.26   0.40556   
-1.24   0.415248   
-1.22   0.425094   
-1.2   0.435089   
-1.18   0.445227   
-1.16   0.455498   
-1.14   0.465896   
-1.12   0.47641   
-1.1   0.487034   
-1.08   0.497756   
-1.06   0.508568   
-1.04   0.519459   
-1.02   0.53042   
-1   0.541439   
-0.98   0.552507   
-0.96   0.563613   
-0.94   0.574744   
-0.92   0.58589   
-0.9   0.59704   
-0.88   0.608181   
-0.86   0.619301   
-0.84   0.630389   
-0.82   0.641433   
-0.8   0.65242   
-0.78   0.663338   
-0.76   0.674175   
-0.74   0.684919   
-0.72   0.695556   
-0.7   0.706076   
-0.68   0.716465   
-0.66   0.726711   
-0.64   0.736803   
-0.62   0.746728   
-0.6   0.756474   
-0.58   0.76603   
-0.56   0.775384   
-0.54   0.784524   
-0.52   0.79344   
-0.5   0.80212   
-0.48   0.810553   
-0.46   0.81873   
-0.44   0.826639   
-0.42   0.834271   
-0.4   0.841617   
-0.38   0.848666   
-0.36   0.855411   
-0.34   0.861841   
-0.32   0.86795   
-0.3   0.87373   
-0.28   0.879172   
-0.26   0.88427   
-0.24   0.889018   
-0.22   0.893409   
-0.2   0.897438   
-0.18   0.901099   
-0.16   0.904387   
-0.14   0.907299   
-0.12   0.90983   
-0.1   0.911977   
-0.08   0.913738   
-0.06   0.91511   
-0.04   0.916092   
-0.02   0.916681   
-1.80342e-14   0.916877   
0.02   0.916681   
0.04   0.916092   
0.06   0.915111   
0.08   0.913739   
0.1   0.911978   
0.12   0.909831   
0.14   0.9073   
0.16   0.904388   
0.18   0.9011   
0.2   0.897439   
0.22   0.89341   
0.24   0.889019   
0.26   0.884272   
0.28   0.879173   
0.3   0.873731   
0.32   0.867951   
0.34   0.861842   
0.36   0.855411   
0.38   0.848667   
0.4   0.841617   
0.42   0.834272   
0.44   0.82664   
0.46   0.81873   
0.48   0.810553   
0.5   0.80212   
0.52   0.79344   
0.54   0.784524   
0.56   0.775383   
0.58   0.766029   
0.6   0.756473   
0.62   0.746727   
0.64   0.736801   
0.66   0.726709   
0.68   0.716462   
0.7   0.706073   
0.72   0.695553   
0.74   0.684915   
0.76   0.674172   
0.78   0.663334   
0.8   0.652416   
0.82   0.641428   
0.84   0.630385   
0.86   0.619296   
0.88   0.608175   
0.9   0.597034   
0.92   0.585885   
0.94   0.574738   
0.96   0.563607   
0.98   0.552501   
1   0.541433   
1.02   0.530413   
1.04   0.519452   
1.06   0.508561   
1.08   0.497749   
1.1   0.487027   
1.12   0.476404   
1.14   0.465889   
1.16   0.455492   
1.18   0.445221   
1.2   0.435083   
1.22   0.425088   
1.24   0.415243   
1.26   0.405555   
1.28   0.396029   
1.3   0.386674   
1.32   0.377495   
1.34   0.368496   
1.36   0.359684   
1.38   0.351063   
1.4   0.342637   
1.42   0.334409   
1.44   0.326384   
1.46   0.318564   
1.48   0.310951   
1.5   0.303548   
1.52   0.296356   
1.54   0.289377   
1.56   0.28261   
1.58   0.276056   
1.6   0.269716   
1.62   0.263588   
1.64   0.257672   
1.66   0.251966   
1.68   0.246468   
1.7   0.241177   
1.72   0.236089   
1.74   0.231203   
1.76   0.226514   
1.78   0.22202   
1.8   0.217716   
1.82   0.213599   
1.84   0.209664   
1.86   0.205905   
1.88   0.202319   
1.9   0.1989   
1.92   0.195643   
1.94   0.192542   
1.96   0.189591   
1.98   0.186784   
2   0.184116   
2.02   0.181579   
2.04   0.179168   
2.06   0.176876   
2.08   0.174697   
2.1   0.172623   
2.12   0.170649   
2.14   0.168768   
2.16   0.166973   
2.18   0.165257   
2.2   0.163615   
2.22   0.162039   
2.24   0.160524   
2.26   0.159062   
2.28   0.157649   
2.3   0.156277   
2.32   0.154941   
2.34   0.153636   
2.36   0.152355   
2.38   0.151094   
2.4   0.149847   
2.42   0.148609   
2.44   0.147377   
2.46   0.146145   
2.48   0.14491   
2.5   0.143668   
2.52   0.142414   
2.54   0.141147   
2.56   0.139863   
2.58   0.138559   
2.6   0.137234   
2.62   0.135885   
2.64   0.13451   
2.66   0.133108   
2.68   0.131679   
2.7   0.130221   
2.72   0.128734   
2.74   0.127218   
2.76   0.125673   
2.78   0.1241   
2.8   0.122499   
2.82   0.120872   
2.84   0.11922   
2.86   0.117545   
2.88   0.115849   
2.9   0.114133   
2.92   0.112401   
2.94   0.110654   
2.96   0.108896   
2.98   0.107129   
3   0.105357   
3.02   0.103583   
3.04   0.101811   
3.06   0.100043   
3.08   0.0982834   
3.1   0.096536   
3.12   0.0948043   
3.14   0.093092   
3.16   0.0914028   
3.18   0.0897404   
3.2   0.0881082   
3.22   0.0865098   
3.24   0.0849487   
3.26   0.0834281   
3.28   0.0819511   
3.3   0.0805207   
3.32   0.0791398   
3.34   0.0778107   
3.36   0.076536   
3.38   0.0753175   
3.4   0.0741573   
3.42   0.0730567   
3.44   0.072017   
3.46   0.0710391   
3.48   0.0701236   
3.5   0.0692706   
3.52   0.0684801   
3.54   0.0677516   
3.56   0.0670842   
3.58   0.0664768   
3.6   0.0659277   
3.62   0.065435   
3.64   0.0649964   
3.66   0.0646093   
3.68   0.0642707   
3.7   0.0639772   
3.72   0.0637252   
3.74   0.0635108   
3.76   0.0633297   
3.78   0.0631776   
3.8   0.0630496   
3.82   0.062941   
3.84   0.0628466   
3.86   0.0627614   
3.88   0.0626799   
3.9   0.062597   
3.92   0.0625073   
3.94   0.0624055   
3.96   0.0622865   
3.98   0.0621452   
4   0.0619767   
4.02   0.0617765   
4.04   0.0615403   
4.06   0.061264   
4.08   0.0609442   
4.1   0.0605777   
4.12   0.0601621   
4.14   0.0596953   
4.16   0.059176   
4.18   0.0586034   
4.2   0.0579777   
4.22   0.0572996   
4.24   0.0565707   
4.26   0.0557934   
4.28   0.054971   
4.3   0.0541076   
4.32   0.0532083   
4.34   0.0522789   
4.36   0.0513261   
4.38   0.0503575   
4.4   0.0493814   
4.42   0.048407   
4.44   0.0474438   
4.46   0.0465021   
4.48   0.0455926   
4.5   0.0447261   
4.52   0.0439137   
4.54   0.0431663   
4.56   0.0424944   
4.58   0.041908   
4.6   0.0414162   
4.62   0.0410266   
4.64   0.0407454   
4.66   0.0405767   
4.68   0.0405219   
4.7   0.0405792   
4.72   0.0407432   
4.74   0.0410043   
4.76   0.0413473   
4.78   0.0417515   
4.8   0.0421893   
4.82   0.0426251   
4.84   0.0430148   
4.86   0.0433042   
4.88   0.0434279   
4.9   0.043308   
4.92   0.0428526   
4.94   0.0419543   
4.96   0.0404883   
4.98   0.038311   
5   0.0352574   


-5   0.0384615   
-4.98   0.0327768   
-4.96   0.0309499   
-4.94   0.0316183   
-4.92   0.0337521   
-4.9   0.0365927   
-4.88   0.0396003   
-4.86   0.0424092   
-4.84   0.0447908   
-4.82   0.0466215   
-4.8   0.0478572   
-4.78   0.0485112   
-4.76   0.0486368   
-4.74   0.0483131   
-4.72   0.0476339   
-4.7   0.0466988   
-4.68   0.0456065   
-4.66   0.04445   
-4.64   0.043313   
-4.62   0.0422678   
-4.6   0.0413743   
-4.58   0.0406788   
-4.56   0.0402149   
-4.54   0.0400035   
-4.52   0.0400541   
-4.5   0.0403658   
-4.48   0.0409289   
-4.46   0.0417259   
-4.44   0.0427333   
-4.42   0.0439227   
-4.4   0.0452624   
-4.38   0.0467188   
-4.36   0.0482572   
-4.34   0.0498429   
-4.32   0.0514426   
-4.3   0.0530246   
-4.28   0.0545597   
-4.26   0.0560216   
-4.24   0.0573877   
-4.22   0.0586389   
-4.2   0.0597599   
-4.18   0.0607394   
-4.16   0.06157   
-4.14   0.062248   
-4.12   0.0627734   
-4.1   0.0631497   
-4.08   0.0633831   
-4.06   0.0634832   
-4.04   0.0634614   
-4.02   0.0633318   
-4   0.0631097   
-3.98   0.0628121   
-3.96   0.0624567   
-3.94   0.062062   
-3.92   0.0616466   
-3.9   0.0612291   
-3.88   0.0608277   
-3.86   0.0604598   
-3.84   0.060142   
-3.82   0.0598897   
-3.8   0.0597169   
-3.78   0.0596361   
-3.76   0.0596582   
-3.74   0.0597923   
-3.72   0.0600458   
-3.7   0.0604241   
-3.68   0.0609308   
-3.66   0.0615677   
-3.64   0.0623348   
-3.62   0.0632303   
-3.6   0.0642508   
-3.58   0.0653913   
-3.56   0.0666457   
-3.54   0.0680061   
-3.52   0.0694638   
-3.5   0.0710091   
-3.48   0.0726314   
-3.46   0.0743195   
-3.44   0.0760616   
-3.42   0.0778456   
-3.4   0.0796594   
-3.38   0.0814907   
-3.36   0.0833274   
-3.34   0.0851577   
-3.32   0.0869704   
-3.3   0.0887546   
-3.28   0.0905002   
-3.26   0.092198   
-3.24   0.0938395   
-3.22   0.0954172   
-3.2   0.0969248   
-3.18   0.0983569   
-3.16   0.0997094   
-3.14   0.100979   
-3.12   0.102164   
-3.1   0.103264   
-3.08   0.10428   
-3.06   0.105212   
-3.04   0.106064   
-3.02   0.106839   
-3   0.107543   
-2.98   0.108181   
-2.96   0.10876   
-2.94   0.109288   
-2.92   0.109772   
-2.9   0.110221   
-2.88   0.110646   
-2.86   0.111056   
-2.84   0.11146   
-2.82   0.11187   
-2.8   0.112297   
-2.78   0.11275   
-2.76   0.113241   
-2.74   0.11378   
-2.72   0.114378   
-2.7   0.115043   
-2.68   0.115787   
-2.66   0.116617   
-2.64   0.117543   
-2.62   0.118572   
-2.6   0.119711   
-2.58   0.120968   
-2.56   0.122347   
-2.54   0.123854   
-2.52   0.125492   
-2.5   0.127265   
-2.48   0.129175   
-2.46   0.131223   
-2.44   0.133411   
-2.42   0.135736   
-2.4   0.1382   
-2.38   0.140798   
-2.36   0.143529   
-2.34   0.146389   
-2.32   0.149373   
-2.3   0.152477   
-2.28   0.155695   
-2.26   0.15902   
-2.24   0.162447   
-2.22   0.165968   
-2.2   0.169576   
-2.18   0.173263   
-2.16   0.177021   
-2.14   0.180843   
-2.12   0.18472   
-2.1   0.188645   
-2.08   0.192609   
-2.06   0.196606   
-2.04   0.200628   
-2.02   0.204668   
-2   0.208719   
-1.98   0.212776   
-1.96   0.216834   
-1.94   0.220886   
-1.92   0.224929   
-1.9   0.228961   
-1.88   0.232977   
-1.86   0.236977   
-1.84   0.240959   
-1.82   0.244923   
-1.8   0.24887   
-1.78   0.252803   
-1.76   0.256722   
-1.74   0.260632   
-1.72   0.264538   
-1.7   0.268445   
-1.68   0.272359   
-1.66   0.276287   
-1.64   0.280237   
-1.62   0.284218   
-1.6   0.28824   
-1.58   0.292312   
-1.56   0.296446   
-1.54   0.300652   
-1.52   0.304944   
-1.5   0.309333   
-1.48   0.313832   
-1.46   0.318455   
-1.44   0.323213   
-1.42   0.328122   
-1.4   0.333194   
-1.38   0.338443   
-1.36   0.343882   
-1.34   0.349524   
-1.32   0.355382   
-1.3   0.361469   
-1.28   0.367795   
-1.26   0.374373   
-1.24   0.381213   
-1.22   0.388325   
-1.2   0.395718   
-1.18   0.403399   
-1.16   0.411377   
-1.14   0.419657   
-1.12   0.428244   
-1.1   0.437142   
-1.08   0.446354   
-1.06   0.455879   
-1.04   0.465719   
-1.02   0.475872   
-1   0.486334   
-0.98   0.497102   
-0.96   0.508169   
-0.94   0.519527   
-0.92   0.531169   
-0.9   0.543084   
-0.88   0.555259   
-0.86   0.567682   
-0.84   0.580337   
-0.82   0.593209   
-0.8   0.60628   
-0.78   0.61953   
-0.76   0.63294   
-0.74   0.646489   
-0.72   0.660152   
-0.7   0.673908   
-0.68   0.68773   
-0.66   0.701593   
-0.64   0.715471   
-0.62   0.729336   
-0.6   0.743159   
-0.58   0.756913   
-0.56   0.770568   
-0.54   0.784094   
-0.52   0.797462   
-0.5   0.810641   
-0.48   0.823601   
-0.46   0.836312   
-0.44   0.848744   
-0.42   0.860868   
-0.4   0.872654   
-0.38   0.884073   
-0.36   0.895098   
-0.34   0.9057   
-0.32   0.915852   
-0.3   0.92553   
-0.28   0.934708   
-0.26   0.943363   
-0.24   0.951471   
-0.22   0.959013   
-0.2   0.965968   
-0.18   0.972317   
-0.16   0.978045   
-0.14   0.983135   
-0.12   0.987574   
-0.1   0.991351   
-0.08   0.994454   
-0.06   0.996877   
-0.04   0.998611   
-0.02   0.999653   
-1.80342e-14   1   
0.02   0.99965   
0.04   0.998606   
0.06   0.996868   
0.08   0.994443   
0.1   0.991337   
0.12   0.987558   
0.14   0.983117   
0.16   0.978024   
0.18   0.972295   
0.2   0.965943   
0.22   0.958986   
0.24   0.951443   
0.26   0.943333   
0.28   0.934677   
0.3   0.925498   
0.32   0.91582   
0.34   0.905667   
0.36   0.895064   
0.38   0.88404   
0.4   0.872621   
0.42   0.860835   
0.44   0.848712   
0.46   0.836281   
0.48   0.823571   
0.5   0.810612   
0.52   0.797434   
0.54   0.784069   
0.56   0.770544   
0.58   0.756892   
0.6   0.74314   
0.62   0.729319   
0.64   0.715456   
0.66   0.701581   
0.68   0.687721   
0.7   0.673901   
0.72   0.660149   
0.74   0.646488   
0.76   0.632942   
0.78   0.619535   
0.8   0.606288   
0.82   0.59322   
0.84   0.580351   
0.86   0.567698   
0.88   0.555278   
0.9   0.543105   
0.92   0.531193   
0.94   0.519553   
0.96   0.508196   
0.98   0.497131   
1   0.486365   
1.02   0.475904   
1.04   0.465752   
1.06   0.455913   
1.08   0.446388   
1.1   0.437177   
1.12   0.428279   
1.14   0.419692   
1.16   0.411412   
1.18   0.403433   
1.2   0.39575   
1.22   0.388357   
1.24   0.381243   
1.26   0.374402   
1.28   0.367822   
1.3   0.361493   
1.32   0.355405   
1.34   0.349544   
1.36   0.343899   
1.38   0.338458   
1.4   0.333206   
1.42   0.328131   
1.44   0.323219   
1.46   0.318457   
1.48   0.313831   
1.5   0.309329   
1.52   0.304937   
1.54   0.300642   
1.56   0.296432   
1.58   0.292295   
1.6   0.28822   
1.62   0.284196   
1.64   0.280212   
1.66   0.276259   
1.68   0.272329   
1.7   0.268413   
1.72   0.264505   
1.74   0.260597   
1.76   0.256686   
1.78   0.252765   
1.8   0.248833   
1.82   0.244885   
1.84   0.24092   
1.86   0.236939   
1.88   0.23294   
1.9   0.228924   
1.92   0.224894   
1.94   0.220852   
1.96   0.216801   
1.98   0.212746   
2   0.208691   
2.02   0.204643   
2.04   0.200606   
2.06   0.196587   
2.08   0.192593   
2.1   0.188632   
2.12   0.184711   
2.14   0.180837   
2.16   0.177019   
2.18   0.173265   
2.2   0.169581   
2.22   0.165978   
2.24   0.16246   
2.26   0.159037   
2.28   0.155715   
2.3   0.152501   
2.32   0.149401   
2.34   0.146419   
2.36   0.143563   
2.38   0.140834   
2.4   0.138238   
2.42   0.135777   
2.44   0.133453   
2.46   0.131266   
2.48   0.129219   
2.5   0.127309   
2.52   0.125536   
2.54   0.123898   
2.56   0.12239   
2.58   0.12101   
2.6   0.119752   
2.62   0.11861   
2.64   0.117579   
2.66   0.11665   
2.68   0.115816   
2.7   0.115069   
2.72   0.1144   
2.74   0.113798   
2.76   0.113255   
2.78   0.112759   
2.8   0.112301   
2.82   0.11187   
2.84   0.111454   
2.86   0.111045   
2.88   0.11063   
2.9   0.1102   
2.92   0.109746   
2.94   0.109257   
2.96   0.108726   
2.98   0.108142   
3   0.107501   
3.02   0.106794   
3.04   0.106015   
3.06   0.105161   
3.08   0.104227   
3.1   0.10321   
3.12   0.10211   
3.14   0.100924   
3.16   0.0996552   
3.18   0.098304   
3.2   0.0968738   
3.22   0.0953688   
3.24   0.0937942   
3.26   0.0921566   
3.28   0.0904633   
3.3   0.0887226   
3.32   0.0869439   
3.34   0.0851373   
3.36   0.0833133   
3.38   0.0814834   
3.4   0.0796591   
3.42   0.0778525   
3.44   0.0760758   
3.46   0.074341   
3.48   0.0726601   
3.5   0.0710448   
3.52   0.0695062   
3.54   0.0680547   
3.56   0.0667001   
3.58   0.0654509   
3.6   0.0643148   
3.62   0.0632979   
3.64   0.0624051   
3.66   0.0616398   
3.68   0.0610035   
3.7   0.0604964   
3.72   0.0601165   
3.74   0.0598602   
3.76   0.0597221   
3.78   0.0596948   
3.8   0.0597692   
3.82   0.0599345   
3.84   0.0601782   
3.86   0.0604865   
3.88   0.060844   
3.9   0.0612344   
3.92   0.0616402   
3.94   0.0620436   
3.96   0.0624261   
3.98   0.0627694   
4   0.0630552   
4.02   0.063266   
4.04   0.0633852   
4.06   0.0633976   
4.08   0.0632896   
4.1   0.0630497   
4.12   0.062669   
4.14   0.0621412   
4.16   0.0614631   
4.18   0.060635   
4.2   0.0596607   
4.22   0.0585476   
4.24   0.0573072   
4.26   0.0559546   
4.28   0.0545088   
4.3   0.0529924   
4.32   0.0514313   
4.34   0.0498543   
4.36   0.0482926   
4.38   0.0467791   
4.4   0.0453475   
4.42   0.0440319   
4.44   0.042865   
4.46   0.0418775   
4.48   0.0410967   
4.5   0.040545   
4.52   0.0402386   
4.54   0.0401865   
4.56   0.0403883   
4.58   0.0408337   
4.6   0.041501   
4.62   0.0423564   
4.64   0.0433534   
4.66   0.0444329   
4.68   0.0455239   
4.7   0.0465448   
4.72   0.0474058   
4.74   0.0480131   
4.76   0.0482731   
4.78   0.0481005   
4.8   0.0474267   
4.82   0.0462116   
4.84   0.0444586   
4.86   0.0422323   
4.88   0.039681   
4.9   0.0370634   
4.92   0.0347809   
4.94   0.0334162   
4.96   0.0337783   
4.98   0.0369566   
5   0.044383   


