-5   0.0384615   
-4.98   0.0331643   
-4.96   0.0280406   
-4.94   0.0230886   
-4.92   0.0183065   
-4.9   0.0136925   
-4.88   0.00924471   
-4.86   0.00496135   
-4.84   0.000840645   
-4.82   -0.00311921   
-4.8   -0.00692   
-4.78   -0.0105635   
-4.76   -0.0140515   
-4.74   -0.0173857   
-4.72   -0.0205679   
-4.7   -0.0235998   
-4.68   -0.0264832   
-4.66   -0.0292198   
-4.64   -0.0318114   
-4.62   -0.0342596   
-4.6   -0.0365662   
-4.58   -0.0387328   
-4.56   -0.0407612   
-4.54   -0.042653   
-4.52   -0.0444099   
-4.5   -0.0460337   
-4.48   -0.0475259   
-4.46   -0.0488882   
-4.44   -0.0501223   
-4.42   -0.0512298   
-4.4   -0.0522123   
-4.38   -0.0530715   
-4.36   -0.0538091   
-4.34   -0.0544265   
-4.32   -0.0549254   
-4.3   -0.0553075   
-4.28   -0.0555743   
-4.26   -0.0557273   
-4.24   -0.0557683   
-4.22   -0.0556986   
-4.2   -0.05552   
-4.18   -0.0552339   
-4.16   -0.0548419   
-4.14   -0.0543456   
-4.12   -0.0537464   
-4.1   -0.053046   
-4.08   -0.0522457   
-4.06   -0.0513472   
-4.04   -0.0503519   
-4.02   -0.0492613   
-4   -0.0480769   
-3.98   -0.0468002   
-3.96   -0.0454327   
-3.94   -0.0439759   
-3.92   -0.0424311   
-3.9   -0.0407998   
-3.88   -0.0390835   
-3.86   -0.0372837   
-3.84   -0.0354017   
-3.82   -0.033439   
-3.8   -0.0313969   
-3.78   -0.029277   
-3.76   -0.0270805   
-3.74   -0.0248089   
-3.72   -0.0224636   
-3.7   -0.020046   
-3.68   -0.0175573   
-3.66   -0.014999   
-3.64   -0.0123725   
-3.62   -0.00967904   
-3.6   -0.00692   
-3.58   -0.00409671   
-3.56   -0.00121051   
-3.54   0.0017373   
-3.52   0.00474541   
-3.5   0.0078125   
-3.48   0.0109373   
-3.46   0.0141185   
-3.44   0.0173548   
-3.42   0.0206449   
-3.4   0.0239877   
-3.38   0.0273818   
-3.36   0.0308259   
-3.34   0.0343189   
-3.32   0.0378594   
-3.3   0.0414463   
-3.28   0.0450784   
-3.26   0.0487544   
-3.24   0.0524731   
-3.22   0.0562333   
-3.2   0.0600338   
-3.18   0.0638735   
-3.16   0.0677512   
-3.14   0.0716656   
-3.12   0.0756157   
-3.1   0.0796002   
-3.08   0.083618   
-3.06   0.0876681   
-3.04   0.0917492   
-3.02   0.0958602   
-3   0.1   
-2.98   0.104168   
-2.96   0.108362   
-2.94   0.112581   
-2.92   0.116825   
-2.9   0.121092   
-2.88   0.125382   
-2.86   0.129693   
-2.84   0.134024   
-2.82   0.138374   
-2.8   0.142742   
-2.78   0.147126   
-2.76   0.151527   
-2.74   0.155943   
-2.72   0.160373   
-2.7   0.164816   
-2.68   0.16927   
-2.66   0.173736   
-2.64   0.178211   
-2.62   0.182695   
-2.6   0.187188   
-2.58   0.191687   
-2.56   0.196192   
-2.54   0.200703   
-2.52   0.205218   
-2.5   0.209736   
-2.48   0.214256   
-2.46   0.218777   
-2.44   0.2233   
-2.42   0.227821   
-2.4   0.232342   
-2.38   0.23686   
-2.36   0.241375   
-2.34   0.245886   
-2.32   0.250392   
-2.3   0.254892   
-2.28   0.259386   
-2.26   0.263873   
-2.24   0.268351   
-2.22   0.272821   
-2.2   0.27728   
-2.18   0.281729   
-2.16   0.286166   
-2.14   0.290591   
-2.12   0.295002   
-2.1   0.2994   
-2.08   0.303783   
-2.06   0.308151   
-2.04   0.312503   
-2.02   0.316837   
-2   0.321154   
-1.98   0.325452   
-1.96   0.329731   
-1.94   0.333991   
-1.92   0.338229   
-1.9   0.342446   
-1.88   0.346642   
-1.86   0.350814   
-1.84   0.354963   
-1.82   0.359088   
-1.8   0.363188   
-1.78   0.367262   
-1.76   0.371311   
-1.74   0.375332   
-1.72   0.379326   
-1.7   0.383292   
-1.68   0.38723   
-1.66   0.391138   
-1.64   0.395016   
-1.62   0.398864   
-1.6   0.40268   
-1.58   0.406465   
-1.56   0.410217   
-1.54   0.413936   
-1.52   0.417622   
-1.5   0.421274   
-1.48   0.424891   
-1.46   0.428473   
-1.44   0.43202   
-1.42   0.43553   
-1.4   0.439003   
-1.38   0.442439   
-1.36   0.445837   
-1.34   0.449197   
-1.32   0.452518   
-1.3   0.4558   
-1.28   0.459042   
-1.26   0.462244   
-1.24   0.465405   
-1.22   0.468525   
-1.2   0.471603   
-1.18   0.474639   
-1.16   0.477633   
-1.14   0.480583   
-1.12   0.483491   
-1.1   0.486354   
-1.08   0.489173   
-1.06   0.491948   
-1.04   0.494677   
-1.02   0.497362   
-1   0.5   
-0.98   0.502592   
-0.96   0.505138   
-0.94   0.507637   
-0.92   0.510088   
-0.9   0.512492   
-0.88   0.514849   
-0.86   0.517157   
-0.84   0.519416   
-0.82   0.521626   
-0.8   0.523788   
-0.78   0.5259   
-0.76   0.527962   
-0.74   0.529974   
-0.72   0.531935   
-0.7   0.533846   
-0.68   0.535707   
-0.66   0.537516   
-0.64   0.539273   
-0.62   0.54098   
-0.6   0.542634   
-0.58   0.544236   
-0.56   0.545786   
-0.54   0.547284   
-0.52   0.548728   
-0.5   0.55012   
-0.48   0.551459   
-0.46   0.552745   
-0.44   0.553977   
-0.42   0.555155   
-0.4   0.55628   
-0.38   0.557351   
-0.36   0.558368   
-0.34   0.55933   
-0.32   0.560239   
-0.3   0.561092   
-0.28   0.561892   
-0.26   0.562636   
-0.24   0.563326   
-0.22   0.563961   
-0.2   0.564542   
-0.18   0.565067   
-0.16   0.565537   
-0.14   0.565952   
-0.12   0.566311   
-0.1   0.566616   
-0.08   0.566865   
-0.06   0.567058   
-0.04   0.567197   
-0.02   0.56728   
-1.80342e-14   0.567308   
0.02   0.56728   
0.04   0.567197   
0.06   0.567058   
0.08   0.566865   
0.1   0.566616   
0.12   0.566311   
0.14   0.565952   
0.16   0.565537   
0.18   0.565067   
0.2   0.564542   
0.22   0.563961   
0.24   0.563326   
0.26   0.562636   
0.28   0.561892   
0.3   0.561093   
0.32   0.560239   
0.34   0.55933   
0.36   0.558368   
0.38   0.557351   
0.4   0.55628   
0.42   0.555155   
0.44   0.553977   
0.46   0.552745   
0.48   0.551459   
0.5   0.55012   
0.52   0.548728   
0.54   0.547284   
0.56   0.545786   
0.58   0.544236   
0.6   0.542634   
0.62   0.54098   
0.64   0.539273   
0.66   0.537516   
0.68   0.535707   
0.7   0.533846   
0.72   0.531935   
0.74   0.529974   
0.76   0.527962   
0.78   0.5259   
0.8   0.523788   
0.82   0.521626   
0.84   0.519416   
0.86   0.517157   
0.88   0.514849   
0.9   0.512493   
0.92   0.510088   
0.94   0.507637   
0.96   0.505138   
0.98   0.502592   
1   0.5   
1.02   0.497362   
1.04   0.494677   
1.06   0.491948   
1.08   0.489173   
1.1   0.486354   
1.12   0.483491   
1.14   0.480583   
1.16   0.477633   
1.18   0.474639   
1.2   0.471603   
1.22   0.468525   
1.24   0.465405   
1.26   0.462244   
1.28   0.459042   
1.3   0.4558   
1.32   0.452518   
1.34   0.449197   
1.36   0.445837   
1.38   0.442439   
1.4   0.439003   
1.42   0.43553   
1.44   0.43202   
1.46   0.428473   
1.48   0.424891   
1.5   0.421274   
1.52   0.417622   
1.54   0.413936   
1.56   0.410217   
1.58   0.406465   
1.6   0.40268   
1.62   0.398864   
1.64   0.395016   
1.66   0.391138   
1.68   0.38723   
1.7   0.383293   
1.72   0.379326   
1.74   0.375332   
1.76   0.371311   
1.78   0.367262   
1.8   0.363188   
1.82   0.359088   
1.84   0.354963   
1.86   0.350814   
1.88   0.346642   
1.9   0.342446   
1.92   0.338229   
1.94   0.333991   
1.96   0.329731   
1.98   0.325452   
2   0.321154   
2.02   0.316837   
2.04   0.312503   
2.06   0.308151   
2.08   0.303783   
2.1   0.2994   
2.12   0.295002   
2.14   0.290591   
2.16   0.286166   
2.18   0.281729   
2.2   0.27728   
2.22   0.272821   
2.24   0.268351   
2.26   0.263873   
2.28   0.259386   
2.3   0.254893   
2.32   0.250392   
2.34   0.245886   
2.36   0.241375   
2.38   0.23686   
2.4   0.232342   
2.42   0.227821   
2.44   0.2233   
2.46   0.218777   
2.48   0.214256   
2.5   0.209736   
2.52   0.205218   
2.54   0.200703   
2.56   0.196192   
2.58   0.191687   
2.6   0.187188   
2.62   0.182695   
2.64   0.178211   
2.66   0.173736   
2.68   0.16927   
2.7   0.164816   
2.72   0.160373   
2.74   0.155943   
2.76   0.151527   
2.78   0.147126   
2.8   0.142742   
2.82   0.138374   
2.84   0.134024   
2.86   0.129693   
2.88   0.125382   
2.9   0.121093   
2.92   0.116825   
2.94   0.112581   
2.96   0.108362   
2.98   0.104168   
3   0.1   
3.02   0.0958602   
3.04   0.0917492   
3.06   0.0876681   
3.08   0.083618   
3.1   0.0796002   
3.12   0.0756157   
3.14   0.0716656   
3.16   0.0677512   
3.18   0.0638735   
3.2   0.0600338   
3.22   0.0562333   
3.24   0.0524731   
3.26   0.0487544   
3.28   0.0450784   
3.3   0.0414463   
3.32   0.0378594   
3.34   0.0343189   
3.36   0.0308259   
3.38   0.0273818   
3.4   0.0239877   
3.42   0.0206449   
3.44   0.0173548   
3.46   0.0141185   
3.48   0.0109373   
3.5   0.0078125   
3.52   0.00474541   
3.54   0.0017373   
3.56   -0.00121051   
3.58   -0.00409671   
3.6   -0.00692   
3.62   -0.00967904   
3.64   -0.0123725   
3.66   -0.014999   
3.68   -0.0175573   
3.7   -0.020046   
3.72   -0.0224636   
3.74   -0.0248089   
3.76   -0.0270805   
3.78   -0.029277   
3.8   -0.0313969   
3.82   -0.033439   
3.84   -0.0354017   
3.86   -0.0372837   
3.88   -0.0390835   
3.9   -0.0407998   
3.92   -0.0424311   
3.94   -0.0439759   
3.96   -0.0454327   
3.98   -0.0468002   
4   -0.0480769   
4.02   -0.0492613   
4.04   -0.0503519   
4.06   -0.0513472   
4.08   -0.0522457   
4.1   -0.053046   
4.12   -0.0537464   
4.14   -0.0543456   
4.16   -0.0548419   
4.18   -0.0552339   
4.2   -0.05552   
4.22   -0.0556986   
4.24   -0.0557683   
4.26   -0.0557273   
4.28   -0.0555743   
4.3   -0.0553075   
4.32   -0.0549254   
4.34   -0.0544265   
4.36   -0.0538091   
4.38   -0.0530715   
4.4   -0.0522123   
4.42   -0.0512298   
4.44   -0.0501223   
4.46   -0.0488882   
4.48   -0.0475259   
4.5   -0.0460337   
4.52   -0.0444099   
4.54   -0.042653   
4.56   -0.0407612   
4.58   -0.0387328   
4.6   -0.0365662   
4.62   -0.0342596   
4.64   -0.0318114   
4.66   -0.0292198   
4.68   -0.0264832   
4.7   -0.0235998   
4.72   -0.0205679   
4.74   -0.0173857   
4.76   -0.0140515   
4.78   -0.0105635   
4.8   -0.00692   
4.82   -0.00311921   
4.84   0.000840645   
4.86   0.00496135   
4.88   0.00924471   
4.9   0.0136925   
4.92   0.0183065   
4.94   0.0230886   
4.96   0.0280406   
4.98   0.0331643   
5   0.0384615   


-5   0.0384615   
-4.98   0.33757   
-4.96   0.604237   
-4.94   0.840583   
-4.92   1.04863   
-4.9   1.23032   
-4.88   1.38747   
-4.86   1.52183   
-4.84   1.63507   
-4.82   1.72875   
-4.8   1.80439   
-4.78   1.86339   
-4.76   1.9071   
-4.74   1.93681   
-4.72   1.95371   
-4.7   1.95895   
-4.68   1.95361   
-4.66   1.93869   
-4.64   1.91517   
-4.62   1.88394   
-4.6   1.84585   
-4.58   1.80169   
-4.56   1.75223   
-4.54   1.69815   
-4.52   1.64011   
-4.5   1.57872   
-4.48   1.51456   
-4.46   1.44815   
-4.44   1.37999   
-4.42   1.31054   
-4.4   1.24021   
-4.38   1.1694   
-4.36   1.09847   
-4.34   1.02774   
-4.32   0.957523   
-4.3   0.888081   
-4.28   0.819667   
-4.26   0.752506   
-4.24   0.686799   
-4.22   0.622725   
-4.2   0.560444   
-4.18   0.500097   
-4.16   0.441803   
-4.14   0.385669   
-4.12   0.331783   
-4.1   0.280218   
-4.08   0.231032   
-4.06   0.184272   
-4.04   0.139972   
-4.02   0.0981519   
-4   0.0588235   
-3.98   0.0219877   
-3.96   -0.0123642   
-3.94   -0.0442489   
-3.92   -0.0736916   
-3.9   -0.100724   
-3.88   -0.125386   
-3.86   -0.147721   
-3.84   -0.16778   
-3.82   -0.185619   
-3.8   -0.201296   
-3.78   -0.214877   
-3.76   -0.226426   
-3.74   -0.236016   
-3.72   -0.243718   
-3.7   -0.249608   
-3.68   -0.253762   
-3.66   -0.256259   
-3.64   -0.257178   
-3.62   -0.256599   
-3.6   -0.254603   
-3.58   -0.251271   
-3.56   -0.246683   
-3.54   -0.240922   
-3.52   -0.234066   
-3.5   -0.226196   
-3.48   -0.21739   
-3.46   -0.207725   
-3.44   -0.197279   
-3.42   -0.186124   
-3.4   -0.174335   
-3.38   -0.161984   
-3.36   -0.14914   
-3.34   -0.13587   
-3.32   -0.12224   
-3.3   -0.108315   
-3.28   -0.0941553   
-3.26   -0.0798199   
-3.24   -0.0653658   
-3.22   -0.0508475   
-3.2   -0.0363169   
-3.18   -0.0218235   
-3.16   -0.00741453   
-3.14   0.00686557   
-3.12   0.0209747   
-3.1   0.0348733   
-3.08   0.0485244   
-3.06   0.0618934   
-3.04   0.0749483   
-3.02   0.0876596   
-3   0.1   
-2.98   0.111945   
-2.96   0.123472   
-2.94   0.134561   
-2.92   0.145195   
-2.9   0.155359   
-2.88   0.165038   
-2.86   0.174222   
-2.84   0.182902   
-2.82   0.191072   
-2.8   0.198726   
-2.78   0.205862   
-2.76   0.212478   
-2.74   0.218576   
-2.72   0.224158   
-2.7   0.229227   
-2.68   0.233791   
-2.66   0.237856   
-2.64   0.241431   
-2.62   0.244526   
-2.6   0.247154   
-2.58   0.249325   
-2.56   0.251056   
-2.54   0.25236   
-2.52   0.253254   
-2.5   0.253755   
-2.48   0.253881   
-2.46   0.253651   
-2.44   0.253084   
-2.42   0.2522   
-2.4   0.251021   
-2.38   0.249567   
-2.36   0.24786   
-2.34   0.245923   
-2.32   0.243779   
-2.3   0.241449   
-2.28   0.238958   
-2.26   0.236328   
-2.24   0.233583   
-2.22   0.230746   
-2.2   0.22784   
-2.18   0.224888   
-2.16   0.221914   
-2.14   0.218941   
-2.12   0.215991   
-2.1   0.213086   
-2.08   0.210248   
-2.06   0.2075   
-2.04   0.204862   
-2.02   0.202356   
-2   0.2   
-1.98   0.197815   
-1.96   0.195821   
-1.94   0.194035   
-1.92   0.192475   
-1.9   0.191159   
-1.88   0.190103   
-1.86   0.189322   
-1.84   0.188832   
-1.82   0.188646   
-1.8   0.188778   
-1.78   0.189241   
-1.76   0.190046   
-1.74   0.191204   
-1.72   0.192725   
-1.7   0.194618   
-1.68   0.196891   
-1.66   0.199551   
-1.64   0.202605   
-1.62   0.206058   
-1.6   0.209914   
-1.58   0.214178   
-1.56   0.218852   
-1.54   0.223938   
-1.52   0.229436   
-1.5   0.235347   
-1.48   0.241669   
-1.46   0.248401   
-1.44   0.25554   
-1.42   0.263082   
-1.4   0.271024   
-1.38   0.279359   
-1.36   0.288083   
-1.34   0.297186   
-1.32   0.306663   
-1.3   0.316505   
-1.28   0.326702   
-1.26   0.337244   
-1.24   0.348121   
-1.22   0.359321   
-1.2   0.370833   
-1.18   0.382643   
-1.16   0.394739   
-1.14   0.407106   
-1.12   0.41973   
-1.1   0.432596   
-1.08   0.445689   
-1.06   0.458992   
-1.04   0.47249   
-1.02   0.486165   
-1   0.5   
-0.98   0.513978   
-0.96   0.52808   
-0.94   0.54229   
-0.92   0.556587   
-0.9   0.570954   
-0.88   0.585371   
-0.86   0.59982   
-0.84   0.614281   
-0.82   0.628735   
-0.8   0.643163   
-0.78   0.657545   
-0.76   0.671862   
-0.74   0.686094   
-0.72   0.700223   
-0.7   0.714228   
-0.68   0.728092   
-0.66   0.741794   
-0.64   0.755316   
-0.62   0.76864   
-0.6   0.781747   
-0.58   0.794619   
-0.56   0.807239   
-0.54   0.819588   
-0.52   0.83165   
-0.5   0.843407   
-0.48   0.854845   
-0.46   0.865946   
-0.44   0.876696   
-0.42   0.887079   
-0.4   0.89708   
-0.38   0.906687   
-0.36   0.915885   
-0.34   0.924662   
-0.32   0.933005   
-0.3   0.940902   
-0.28   0.948344   
-0.26   0.955318   
-0.24   0.961816   
-0.22   0.967828   
-0.2   0.973346   
-0.18   0.978362   
-0.16   0.982869   
-0.14   0.986861   
-0.12   0.990332   
-0.1   0.993278   
-0.08   0.995693   
-0.06   0.997575   
-0.04   0.998922   
-0.02   0.99973   
-1.80342e-14   1   
0.02   0.99973   
0.04   0.998922   
0.06   0.997575   
0.08   0.995693   
0.1   0.993278   
0.12   0.990332   
0.14   0.986861   
0.16   0.982869   
0.18   0.978362   
0.2   0.973346   
0.22   0.967828   
0.24   0.961816   
0.26   0.955318   
0.28   0.948344   
0.3   0.940902   
0.32   0.933005   
0.34   0.924662   
0.36   0.915885   
0.38   0.906687   
0.4   0.89708   
0.42   0.887079   
0.44   0.876696   
0.46   0.865946   
0.48   0.854845   
0.5   0.843407   
0.52   0.83165   
0.54   0.819588   
0.56   0.807239   
0.58   0.794619   
0.6   0.781747   
0.62   0.76864   
0.64   0.755316   
0.66   0.741794   
0.68   0.728092   
0.7   0.714228   
0.72   0.700223   
0.74   0.686094   
0.76   0.671862   
0.78   0.657545   
0.8   0.643163   
0.82   0.628735   
0.84   0.614281   
0.86   0.59982   
0.88   0.585371   
0.9   0.570954   
0.92   0.556587   
0.94   0.54229   
0.96   0.52808   
0.98   0.513978   
1   0.5   
1.02   0.486165   
1.04   0.47249   
1.06   0.458992   
1.08   0.445689   
1.1   0.432596   
1.12   0.41973   
1.14   0.407106   
1.16   0.394739   
1.18   0.382643   
1.2   0.370833   
1.22   0.359321   
1.24   0.348121   
1.26   0.337244   
1.28   0.326702   
1.3   0.316505   
1.32   0.306663   
1.34   0.297186   
1.36   0.288083   
1.38   0.279359   
1.4   0.271024   
1.42   0.263082   
1.44   0.25554   
1.46   0.248401   
1.48   0.241669   
1.5   0.235347   
1.52   0.229436   
1.54   0.223938   
1.56   0.218852   
1.58   0.214178   
1.6   0.209914   
1.62   0.206058   
1.64   0.202605   
1.66   0.199551   
1.68   0.196891   
1.7   0.194618   
1.72   0.192725   
1.74   0.191204   
1.76   0.190046   
1.78   0.189241   
1.8   0.188778   
1.82   0.188646   
1.84   0.188832   
1.86   0.189322   
1.88   0.190103   
1.9   0.191159   
1.92   0.192475   
1.94   0.194035   
1.96   0.195821   
1.98   0.197815   
2   0.2   
2.02   0.202356   
2.04   0.204862   
2.06   0.2075   
2.08   0.210248   
2.1   0.213086   
2.12   0.215991   
2.14   0.218941   
2.16   0.221914   
2.18   0.224888   
2.2   0.22784   
2.22   0.230746   
2.24   0.233583   
2.26   0.236328   
2.28   0.238958   
2.3   0.241449   
2.32   0.243779   
2.34   0.245923   
2.36   0.24786   
2.38   0.249567   
2.4   0.251021   
2.42   0.2522   
2.44   0.253084   
2.46   0.253651   
2.48   0.253881   
2.5   0.253755   
2.52   0.253254   
2.54   0.25236   
2.56   0.251056   
2.58   0.249325   
2.6   0.247154   
2.62   0.244526   
2.64   0.241431   
2.66   0.237856   
2.68   0.233791   
2.7   0.229227   
2.72   0.224158   
2.74   0.218576   
2.76   0.212478   
2.78   0.205862   
2.8   0.198726   
2.82   0.191072   
2.84   0.182902   
2.86   0.174222   
2.88   0.165038   
2.9   0.155359   
2.92   0.145195   
2.94   0.134561   
2.96   0.123472   
2.98   0.111945   
3   0.1   
3.02   0.0876596   
3.04   0.0749483   
3.06   0.0618934   
3.08   0.0485244   
3.1   0.0348733   
3.12   0.0209747   
3.14   0.00686557   
3.16   -0.00741453   
3.18   -0.0218235   
3.2   -0.0363169   
3.22   -0.0508475   
3.24   -0.0653658   
3.26   -0.0798199   
3.28   -0.0941553   
3.3   -0.108315   
3.32   -0.12224   
3.34   -0.13587   
3.36   -0.14914   
3.38   -0.161984   
3.4   -0.174335   
3.42   -0.186124   
3.44   -0.197279   
3.46   -0.207725   
3.48   -0.21739   
3.5   -0.226196   
3.52   -0.234066   
3.54   -0.240922   
3.56   -0.246683   
3.58   -0.251271   
3.6   -0.254603   
3.62   -0.256599   
3.64   -0.257178   
3.66   -0.256259   
3.68   -0.253762   
3.7   -0.249608   
3.72   -0.243718   
3.74   -0.236016   
3.76   -0.226426   
3.78   -0.214877   
3.8   -0.201296   
3.82   -0.185619   
3.84   -0.16778   
3.86   -0.147721   
3.88   -0.125386   
3.9   -0.100724   
3.92   -0.0736916   
3.94   -0.0442489   
3.96   -0.0123642   
3.98   0.0219877   
4   0.0588235   
4.02   0.0981519   
4.04   0.139972   
4.06   0.184272   
4.08   0.231032   
4.1   0.280218   
4.12   0.331783   
4.14   0.385669   
4.16   0.441803   
4.18   0.500097   
4.2   0.560444   
4.22   0.622725   
4.24   0.686799   
4.26   0.752506   
4.28   0.819667   
4.3   0.888081   
4.32   0.957523   
4.34   1.02774   
4.36   1.09847   
4.38   1.1694   
4.4   1.24021   
4.42   1.31054   
4.44   1.37999   
4.46   1.44815   
4.48   1.51456   
4.5   1.57872   
4.52   1.64011   
4.54   1.69815   
4.56   1.75223   
4.58   1.80169   
4.6   1.84585   
4.62   1.88394   
4.64   1.91517   
4.66   1.93869   
4.68   1.95361   
4.7   1.95895   
4.72   1.95371   
4.74   1.93681   
4.76   1.9071   
4.78   1.86339   
4.8   1.80439   
4.82   1.72875   
4.84   1.63507   
4.86   1.52183   
4.88   1.38747   
4.9   1.23032   
4.92   1.04863   
4.94   0.840583   
4.96   0.604237   
4.98   0.33757   
5   0.0384615   


-5   0.0384615   
-4.98   0.559866   
-4.96   0.987746   
-4.94   1.33271   
-4.92   1.60444   
-4.9   1.81179   
-4.88   1.96284   
-4.86   2.0649   
-4.84   2.12464   
-4.82   2.14807   
-4.8   2.14063   
-4.78   2.10721   
-4.76   2.05222   
-4.74   1.97959   
-4.72   1.89283   
-4.7   1.79506   
-4.68   1.68904   
-4.66   1.57719   
-4.64   1.46164   
-4.62   1.34425   
-4.6   1.22662   
-4.58   1.11011   
-4.56   0.995883   
-4.54   0.88492   
-4.52   0.778023   
-4.5   0.675844   
-4.48   0.578896   
-4.46   0.487573   
-4.44   0.402156   
-4.42   0.322833   
-4.4   0.249704   
-4.38   0.182798   
-4.36   0.122075   
-4.34   0.0674424   
-4.32   0.0187589   
-4.3   -0.0241574   
-4.28   -0.0615215   
-4.26   -0.0935759   
-4.24   -0.120585   
-4.22   -0.14283   
-4.2   -0.160604   
-4.18   -0.174209   
-4.16   -0.183951   
-4.14   -0.190138   
-4.12   -0.193077   
-4.1   -0.19307   
-4.08   -0.190414   
-4.06   -0.185399   
-4.04   -0.178304   
-4.02   -0.169398   
-4   -0.158939   
-3.98   -0.147172   
-3.96   -0.134329   
-3.94   -0.120628   
-3.92   -0.106272   
-3.9   -0.0914516   
-3.88   -0.0763416   
-3.86   -0.0611031   
-3.84   -0.0458827   
-3.82   -0.0308133   
-3.8   -0.016014   
-3.78   -0.00159058   
-3.76   0.012364   
-3.74   0.0257692   
-3.72   0.0385563   
-3.7   0.0506679   
-3.68   0.0620574   
-3.66   0.0726882   
-3.64   0.0825334   
-3.62   0.0915748   
-3.6   0.0998026   
-3.58   0.107214   
-3.56   0.113815   
-3.54   0.119616   
-3.52   0.124634   
-3.5   0.128891   
-3.48   0.132413   
-3.46   0.135232   
-3.44   0.137382   
-3.42   0.138899   
-3.4   0.139824   
-3.38   0.140198   
-3.36   0.140065   
-3.34   0.139468   
-3.32   0.138453   
-3.3   0.137064   
-3.28   0.135349   
-3.26   0.13335   
-3.24   0.131113   
-3.22   0.128682   
-3.2   0.126097   
-3.18   0.123402   
-3.16   0.120635   
-3.14   0.117833   
-3.12   0.115032   
-3.1   0.112267   
-3.08   0.109569   
-3.06   0.106967   
-3.04   0.104489   
-3.02   0.102159   
-3   0.1   
-2.98   0.0980322   
-2.96   0.0962732   
-2.94   0.0947386   
-2.92   0.0934414   
-2.9   0.0923925   
-2.88   0.0916005   
-2.86   0.091072   
-2.84   0.0908112   
-2.82   0.0908207   
-2.8   0.0911008   
-2.78   0.0916503   
-2.76   0.0924662   
-2.74   0.0935439   
-2.72   0.0948772   
-2.7   0.0964588   
-2.68   0.0982798   
-2.66   0.100331   
-2.64   0.1026   
-2.62   0.105077   
-2.6   0.107748   
-2.58   0.110601   
-2.56   0.113622   
-2.54   0.116797   
-2.52   0.120111   
-2.5   0.123551   
-2.48   0.127101   
-2.46   0.130747   
-2.44   0.134475   
-2.42   0.138271   
-2.4   0.14212   
-2.38   0.14601   
-2.36   0.149928   
-2.34   0.15386   
-2.32   0.157796   
-2.3   0.161725   
-2.28   0.165637   
-2.26   0.169521   
-2.24   0.173371   
-2.22   0.177177   
-2.2   0.180934   
-2.18   0.184635   
-2.16   0.188277   
-2.14   0.191855   
-2.12   0.195366   
-2.1   0.19881   
-2.08   0.202185   
-2.06   0.205492   
-2.04   0.208732   
-2.02   0.211908   
-2   0.215022   
-1.98   0.218081   
-1.96   0.221087   
-1.94   0.224048   
-1.92   0.226971   
-1.9   0.229862   
-1.88   0.232732   
-1.86   0.235588   
-1.84   0.238441   
-1.82   0.241301   
-1.8   0.244179   
-1.78   0.247086   
-1.76   0.250034   
-1.74   0.253036   
-1.72   0.256105   
-1.7   0.259251   
-1.68   0.26249   
-1.66   0.265833   
-1.64   0.269293   
-1.62   0.272885   
-1.6   0.27662   
-1.58   0.280511   
-1.56   0.284571   
-1.54   0.288813   
-1.52   0.293247   
-1.5   0.297886   
-1.48   0.302741   
-1.46   0.307821   
-1.44   0.313138   
-1.42   0.318701   
-1.4   0.324517   
-1.38   0.330595   
-1.36   0.336943   
-1.34   0.343566   
-1.32   0.35047   
-1.3   0.35766   
-1.28   0.36514   
-1.26   0.372911   
-1.24   0.380977   
-1.22   0.389338   
-1.2   0.397993   
-1.18   0.406943   
-1.16   0.416183   
-1.14   0.425713   
-1.12   0.435526   
-1.1   0.445617   
-1.08   0.455982   
-1.06   0.466611   
-1.04   0.477497   
-1.02   0.48863   
-1   0.5   
-0.98   0.511596   
-0.96   0.523404   
-0.94   0.535413   
-0.92   0.547608   
-0.9   0.559974   
-0.88   0.572495   
-0.86   0.585155   
-0.84   0.597936   
-0.82   0.610821   
-0.8   0.623791   
-0.78   0.636826   
-0.76   0.649906   
-0.74   0.663012   
-0.72   0.676123   
-0.7   0.689217   
-0.68   0.702273   
-0.66   0.715269   
-0.64   0.728183   
-0.62   0.740993   
-0.6   0.753676   
-0.58   0.766211   
-0.56   0.778574   
-0.54   0.790744   
-0.52   0.802699   
-0.5   0.814416   
-0.48   0.825873   
-0.46   0.83705   
-0.44   0.847925   
-0.42   0.858478   
-0.4   0.868688   
-0.38   0.878536   
-0.36   0.888002   
-0.34   0.89707   
-0.32   0.905719   
-0.3   0.913935   
-0.28   0.9217   
-0.26   0.928999   
-0.24   0.935818   
-0.22   0.942143   
-0.2   0.947962   
-0.18   0.953263   
-0.16   0.958034   
-0.14   0.962267   
-0.12   0.965954   
-0.1   0.969086   
-0.08   0.971657   
-0.06   0.973662   
-0.04   0.975097   
-0.02   0.975959   
-1.80342e-14   0.976247   
0.02   0.975959   
0.04   0.975097   
0.06   0.973662   
0.08   0.971657   
0.1   0.969086   
0.12   0.965954   
0.14   0.962267   
0.16   0.958034   
0.18   0.953263   
0.2   0.947962   
0.22   0.942143   
0.24   0.935818   
0.26   0.928999   
0.28   0.9217   
0.3   0.913935   
0.32   0.905719   
0.34   0.89707   
0.36   0.888002   
0.38   0.878536   
0.4   0.868688   
0.42   0.858478   
0.44   0.847925   
0.46   0.83705   
0.48   0.825873   
0.5   0.814416   
0.52   0.802699   
0.54   0.790744   
0.56   0.778574   
0.58   0.766211   
0.6   0.753676   
0.62   0.740993   
0.64   0.728183   
0.66   0.715269   
0.68   0.702273   
0.7   0.689217   
0.72   0.676123   
0.74   0.663012   
0.76   0.649906   
0.78   0.636826   
0.8   0.623791   
0.82   0.610821   
0.84   0.597936   
0.86   0.585155   
0.88   0.572495   
0.9   0.559974   
0.92   0.547608   
0.94   0.535413   
0.96   0.523404   
0.98   0.511596   
1   0.5   
1.02   0.48863   
1.04   0.477497   
1.06   0.466611   
1.08   0.455982   
1.1   0.445617   
1.12   0.435526   
1.14   0.425713   
1.16   0.416183   
1.18   0.406943   
1.2   0.397993   
1.22   0.389338   
1.24   0.380977   
1.26   0.372911   
1.28   0.36514   
1.3   0.35766   
1.32   0.35047   
1.34   0.343566   
1.36   0.336943   
1.38   0.330595   
1.4   0.324517   
1.42   0.318701   
1.44   0.313138   
1.46   0.307821   
1.48   0.302741   
1.5   0.297886   
1.52   0.293247   
1.54   0.288813   
1.56   0.284571   
1.58   0.280511   
1.6   0.27662   
1.62   0.272885   
1.64   0.269293   
1.66   0.265833   
1.68   0.26249   
1.7   0.259251   
1.72   0.256105   
1.74   0.253036   
1.76   0.250034   
1.78   0.247086   
1.8   0.244179   
1.82   0.241301   
1.84   0.238441   
1.86   0.235588   
1.88   0.232732   
1.9   0.229862   
1.92   0.226971   
1.94   0.224048   
1.96   0.221087   
1.98   0.218081   
2   0.215022   
2.02   0.211908   
2.04   0.208732   
2.06   0.205492   
2.08   0.202185   
2.1   0.19881   
2.12   0.195366   
2.14   0.191855   
2.16   0.188277   
2.18   0.184635   
2.2   0.180934   
2.22   0.177177   
2.24   0.173371   
2.26   0.169521   
2.28   0.165637   
2.3   0.161725   
2.32   0.157796   
2.34   0.15386   
2.36   0.149928   
2.38   0.14601   
2.4   0.14212   
2.42   0.138271   
2.44   0.134475   
2.46   0.130747   
2.48   0.127101   
2.5   0.123551   
2.52   0.120111   
2.54   0.116797   
2.56   0.113622   
2.58   0.110601   
2.6   0.107748   
2.62   0.105077   
2.64   0.1026   
2.66   0.100331   
2.68   0.0982798   
2.7   0.0964588   
2.72   0.0948772   
2.74   0.0935439   
2.76   0.0924662   
2.78   0.0916503   
2.8   0.0911008   
2.82   0.0908207   
2.84   0.0908112   
2.86   0.091072   
2.88   0.0916005   
2.9   0.0923925   
2.92   0.0934414   
2.94   0.0947386   
2.96   0.0962732   
2.98   0.0980322   
3   0.1   
3.02   0.102159   
3.04   0.104489   
3.06   0.106967   
3.08   0.109569   
3.1   0.112267   
3.12   0.115032   
3.14   0.117833   
3.16   0.120635   
3.18   0.123402   
3.2   0.126097   
3.22   0.128682   
3.24   0.131113   
3.26   0.13335   
3.28   0.135349   
3.3   0.137064   
3.32   0.138453   
3.34   0.139468   
3.36   0.140065   
3.38   0.140198   
3.4   0.139824   
3.42   0.138899   
3.44   0.137382   
3.46   0.135232   
3.48   0.132413   
3.5   0.128891   
3.52   0.124634   
3.54   0.119616   
3.56   0.113815   
3.58   0.107214   
3.6   0.0998026   
3.62   0.0915748   
3.64   0.0825334   
3.66   0.0726882   
3.68   0.0620574   
3.7   0.0506679   
3.72   0.0385563   
3.74   0.0257692   
3.76   0.012364   
3.78   -0.00159058   
3.8   -0.016014   
3.82   -0.0308133   
3.84   -0.0458827   
3.86   -0.0611031   
3.88   -0.0763416   
3.9   -0.0914516   
3.92   -0.106272   
3.94   -0.120628   
3.96   -0.134329   
3.98   -0.147172   
4   -0.158939   
4.02   -0.169398   
4.04   -0.178304   
4.06   -0.185399   
4.08   -0.190414   
4.1   -0.19307   
4.12   -0.193077   
4.14   -0.190138   
4.16   -0.183951   
4.18   -0.174209   
4.2   -0.160604   
4.22   -0.14283   
4.24   -0.120585   
4.26   -0.0935759   
4.28   -0.0615215   
4.3   -0.0241574   
4.32   0.0187589   
4.34   0.0674424   
4.36   0.122075   
4.38   0.182798   
4.4   0.249704   
4.42   0.322833   
4.44   0.402156   
4.46   0.487573   
4.48   0.578896   
4.5   0.675844   
4.52   0.778023   
4.54   0.88492   
4.56   0.995883   
4.58   1.11011   
4.6   1.22662   
4.62   1.34425   
4.64   1.46164   
4.66   1.57719   
4.68   1.68904   
4.7   1.79506   
4.72   1.89283   
4.74   1.97959   
4.76   2.05222   
4.78   2.10721   
4.8   2.14063   
4.82   2.14807   
4.84   2.12464   
4.86   2.0649   
4.88   1.96284   
4.9   1.81179   
4.92   1.60444   
4.94   1.33271   
4.96   0.987746   
4.98   0.559866   
5   0.0384615   


-5   0.0384615   
-4.98   -21.0944   
-4.96   -36.5507   
-4.94   -47.3372   
-4.92   -54.3193   
-4.9   -58.2381   
-4.88   -59.7254   
-4.86   -59.3164   
-4.84   -57.4622   
-4.82   -54.5403   
-4.8   -50.8644   
-4.78   -46.6924   
-4.76   -42.2344   
-4.74   -37.6594   
-4.72   -33.1009   
-4.7   -28.6626   
-4.68   -24.4226   
-4.66   -20.4378   
-4.64   -16.7473   
-4.62   -13.3754   
-4.6   -10.3345   
-4.58   -7.62724   
-4.56   -5.24858   
-4.54   -3.18753   
-4.52   -1.42858   
-4.5   0.0470588   
-4.48   1.2604   
-4.46   2.23383   
-4.44   2.9904   
-4.42   3.55323   
-4.4   3.94507   
-4.38   4.18791   
-4.36   4.3027   
-4.34   4.30919   
-4.32   4.2257   
-4.3   4.06913   
-4.28   3.85483   
-4.26   3.59662   
-4.24   3.30682   
-4.22   2.99626   
-4.2   2.67436   
-4.18   2.34919   
-4.16   2.02759   
-4.14   1.71519   
-4.12   1.41656   
-4.1   1.13531   
-4.08   0.874132   
-4.06   0.634962   
-4.04   0.419026   
-4.02   0.226946   
-4   0.0588235   
-3.98   -0.0856819   
-3.96   -0.20728   
-3.94   -0.306982   
-3.92   -0.386034   
-3.9   -0.445868   
-3.88   -0.488042   
-3.86   -0.514203   
-3.84   -0.526044   
-3.82   -0.525266   
-3.8   -0.513554   
-3.78   -0.492551   
-3.76   -0.463833   
-3.74   -0.428897   
-3.72   -0.389146   
-3.7   -0.345879   
-3.68   -0.300284   
-3.66   -0.253435   
-3.64   -0.206289   
-3.62   -0.159685   
-3.6   -0.114348   
-3.58   -0.0708921   
-3.56   -0.0298239   
-3.54   0.0084516   
-3.52   0.0436241   
-3.5   0.0754717   
-3.48   0.103853   
-3.46   0.1287   
-3.44   0.150009   
-3.42   0.167835   
-3.4   0.182283   
-3.38   0.1935   
-3.36   0.201668   
-3.34   0.206998   
-3.32   0.209724   
-3.3   0.210093   
-3.28   0.208365   
-3.26   0.204806   
-3.24   0.199681   
-3.22   0.193252   
-3.2   0.185775   
-3.18   0.177497   
-3.16   0.16865   
-3.14   0.159453   
-3.12   0.15011   
-3.1   0.140804   
-3.08   0.131703   
-3.06   0.122954   
-3.04   0.114684   
-3.02   0.107003   
-3   0.1   
-2.98   0.0937462   
-2.96   0.0882952   
-2.94   0.0836839   
-2.92   0.0799332   
-2.9   0.0770498   
-2.88   0.0750267   
-2.86   0.0738452   
-2.84   0.0734758   
-2.82   0.07388   
-2.8   0.0750113   
-2.78   0.0768166   
-2.76   0.0792377   
-2.74   0.0822127   
-2.72   0.0856769   
-2.7   0.089564   
-2.68   0.0938074   
-2.66   0.0983409   
-2.64   0.1031   
-2.62   0.108022   
-2.6   0.113048   
-2.58   0.118122   
-2.56   0.123192   
-2.54   0.128211   
-2.52   0.133136   
-2.5   0.137931   
-2.48   0.142563   
-2.46   0.147005   
-2.44   0.151237   
-2.42   0.155241   
-2.4   0.159008   
-2.38   0.16253   
-2.36   0.165806   
-2.34   0.16884   
-2.32   0.171639   
-2.3   0.174212   
-2.28   0.176575   
-2.26   0.178744   
-2.24   0.18074   
-2.22   0.182583   
-2.2   0.184298   
-2.18   0.185909   
-2.16   0.187442   
-2.14   0.188923   
-2.12   0.190379   
-2.1   0.191836   
-2.08   0.193319   
-2.06   0.194854   
-2.04   0.196464   
-2.02   0.198173   
-2   0.2   
-1.98   0.201966   
-1.96   0.204087   
-1.94   0.20638   
-1.92   0.208858   
-1.9   0.211532   
-1.88   0.214412   
-1.86   0.217504   
-1.84   0.220814   
-1.82   0.224345   
-1.8   0.228098   
-1.78   0.232073   
-1.76   0.236268   
-1.74   0.240678   
-1.72   0.245298   
-1.7   0.250123   
-1.68   0.255144   
-1.66   0.260353   
-1.64   0.265743   
-1.62   0.271302   
-1.6   0.277022   
-1.58   0.282892   
-1.56   0.288904   
-1.54   0.295047   
-1.52   0.301313   
-1.5   0.307692   
-1.48   0.314178   
-1.46   0.320764   
-1.44   0.327443   
-1.42   0.334211   
-1.4   0.341064   
-1.38   0.347998   
-1.36   0.355014   
-1.34   0.36211   
-1.32   0.369287   
-1.3   0.376548   
-1.28   0.383897   
-1.26   0.391337   
-1.24   0.398874   
-1.22   0.406516   
-1.2   0.41427   
-1.18   0.422144   
-1.16   0.430146   
-1.14   0.438288   
-1.12   0.446577   
-1.1   0.455026   
-1.08   0.463643   
-1.06   0.47244   
-1.04   0.481425   
-1.02   0.490609   
-1   0.5   
-0.98   0.509606   
-0.96   0.519436   
-0.94   0.529493   
-0.92   0.539785   
-0.9   0.550314   
-0.88   0.561081   
-0.86   0.572089   
-0.84   0.583334   
-0.82   0.594815   
-0.8   0.606525   
-0.78   0.618459   
-0.76   0.630605   
-0.74   0.642954   
-0.72   0.655492   
-0.7   0.668203   
-0.68   0.68107   
-0.66   0.694073   
-0.64   0.707191   
-0.62   0.720399   
-0.6   0.733672   
-0.58   0.746983   
-0.56   0.760302   
-0.54   0.7736   
-0.52   0.786844   
-0.5   0.8   
-0.48   0.813035   
-0.46   0.825913   
-0.44   0.838598   
-0.42   0.851054   
-0.4   0.863244   
-0.38   0.87513   
-0.36   0.886676   
-0.34   0.897845   
-0.32   0.908601   
-0.3   0.918908   
-0.28   0.928733   
-0.26   0.93804   
-0.24   0.946799   
-0.22   0.954979   
-0.2   0.962551   
-0.18   0.969488   
-0.16   0.975764   
-0.14   0.981358   
-0.12   0.986248   
-0.1   0.990418   
-0.08   0.99385   
-0.06   0.996533   
-0.04   0.998457   
-0.02   0.999614   
-1.80342e-14   1   
0.02   0.999614   
0.04   0.998457   
0.06   0.996533   
0.08   0.99385   
0.1   0.990418   
0.12   0.986248   
0.14   0.981358   
0.16   0.975764   
0.18   0.969488   
0.2   0.962551   
0.22   0.954979   
0.24   0.946799   
0.26   0.93804   
0.28   0.928733   
0.3   0.918908   
0.32   0.908601   
0.34   0.897845   
0.36   0.886676   
0.38   0.87513   
0.4   0.863244   
0.42   0.851054   
0.44   0.838598   
0.46   0.825913   
0.48   0.813035   
0.5   0.8   
0.52   0.786844   
0.54   0.7736   
0.56   0.760302   
0.58   0.746983   
0.6   0.733672   
0.62   0.720399   
0.64   0.707191   
0.66   0.694073   
0.68   0.68107   
0.7   0.668203   
0.72   0.655492   
0.74   0.642954   
0.76   0.630605   
0.78   0.618459   
0.8   0.606525   
0.82   0.594815   
0.84   0.583334   
0.86   0.572089   
0.88   0.561081   
0.9   0.550314   
0.92   0.539785   
0.94   0.529493   
0.96   0.519436   
0.98   0.509606   
1   0.5   
1.02   0.490609   
1.04   0.481425   
1.06   0.47244   
1.08   0.463643   
1.1   0.455026   
1.12   0.446577   
1.14   0.438288   
1.16   0.430146   
1.18   0.422144   
1.2   0.41427   
1.22   0.406516   
1.24   0.398874   
1.26   0.391337   
1.28   0.383897   
1.3   0.376548   
1.32   0.369287   
1.34   0.36211   
1.36   0.355014   
1.38   0.347998   
1.4   0.341064   
1.42   0.334211   
1.44   0.327443   
1.46   0.320764   
1.48   0.314178   
1.5   0.307692   
1.52   0.301313   
1.54   0.295047   
1.56   0.288904   
1.58   0.282892   
1.6   0.277022   
1.62   0.271302   
1.64   0.265743   
1.66   0.260353   
1.68   0.255144   
1.7   0.250123   
1.72   0.245298   
1.74   0.240678   
1.76   0.236268   
1.78   0.232073   
1.8   0.228098   
1.82   0.224345   
1.84   0.220814   
1.86   0.217504   
1.88   0.214412   
1.9   0.211532   
1.92   0.208858   
1.94   0.20638   
1.96   0.204087   
1.98   0.201966   
2   0.2   
2.02   0.198173   
2.04   0.196464   
2.06   0.194854   
2.08   0.193319   
2.1   0.191836   
2.12   0.190379   
2.14   0.188923   
2.16   0.187442   
2.18   0.185909   
2.2   0.184298   
2.22   0.182583   
2.24   0.18074   
2.26   0.178744   
2.28   0.176575   
2.3   0.174212   
2.32   0.171639   
2.34   0.16884   
2.36   0.165806   
2.38   0.16253   
2.4   0.159008   
2.42   0.155241   
2.44   0.151237   
2.46   0.147005   
2.48   0.142563   
2.5   0.137931   
2.52   0.133136   
2.54   0.128211   
2.56   0.123192   
2.58   0.118122   
2.6   0.113048   
2.62   0.108022   
2.64   0.1031   
2.66   0.0983409   
2.68   0.0938074   
2.7   0.089564   
2.72   0.0856769   
2.74   0.0822127   
2.76   0.0792377   
2.78   0.0768166   
2.8   0.0750113   
2.82   0.07388   
2.84   0.0734758   
2.86   0.0738452   
2.88   0.0750267   
2.9   0.0770498   
2.92   0.0799332   
2.94   0.0836839   
2.96   0.0882952   
2.98   0.0937462   
3   0.1   
3.02   0.107003   
3.04   0.114684   
3.06   0.122954   
3.08   0.131703   
3.1   0.140804   
3.12   0.15011   
3.14   0.159453   
3.16   0.16865   
3.18   0.177497   
3.2   0.185775   
3.22   0.193252   
3.24   0.199681   
3.26   0.204806   
3.28   0.208365   
3.3   0.210093   
3.32   0.209724   
3.34   0.206998   
3.36   0.201668   
3.38   0.1935   
3.4   0.182283   
3.42   0.167835   
3.44   0.150009   
3.46   0.1287   
3.48   0.103853   
3.5   0.0754717   
3.52   0.0436241   
3.54   0.0084516   
3.56   -0.0298239   
3.58   -0.0708921   
3.6   -0.114348   
3.62   -0.159685   
3.64   -0.206289   
3.66   -0.253435   
3.68   -0.300284   
3.7   -0.345879   
3.72   -0.389146   
3.74   -0.428897   
3.76   -0.463833   
3.78   -0.492551   
3.8   -0.513554   
3.82   -0.525266   
3.84   -0.526044   
3.86   -0.514203   
3.88   -0.488042   
3.9   -0.445868   
3.92   -0.386034   
3.94   -0.306982   
3.96   -0.20728   
3.98   -0.0856819   
4   0.0588235   
4.02   0.226946   
4.04   0.419026   
4.06   0.634962   
4.08   0.874132   
4.1   1.13531   
4.12   1.41656   
4.14   1.71519   
4.16   2.02759   
4.18   2.34919   
4.2   2.67436   
4.22   2.99626   
4.24   3.30682   
4.26   3.59662   
4.28   3.85483   
4.3   4.06913   
4.32   4.2257   
4.34   4.30919   
4.36   4.3027   
4.38   4.18791   
4.4   3.94507   
4.42   3.55323   
4.44   2.9904   
4.46   2.23383   
4.48   1.2604   
4.5   0.0470588   
4.52   -1.42858   
4.54   -3.18753   
4.56   -5.24858   
4.58   -7.62724   
4.6   -10.3345   
4.62   -13.3754   
4.64   -16.7473   
4.66   -20.4378   
4.68   -24.4226   
4.7   -28.6626   
4.72   -33.1009   
4.74   -37.6594   
4.76   -42.2344   
4.78   -46.6924   
4.8   -50.8644   
4.82   -54.5403   
4.84   -57.4622   
4.86   -59.3164   
4.88   -59.7254   
4.9   -58.2381   
4.92   -54.3193   
4.94   -47.3372   
4.96   -36.5507   
4.98   -21.0944   
5   0.0384615   


